0 506 boston_polygons POLY_ID
1 4         4.92889983
1 30         4.39596171
1 502         4.68403031
1 3         3.18492041
1 506         4.63693279
2 14         1.30632589
2 7         1.26436538
2 29         1.26414506
2 27        0.829970152
2 28          1.1525593
3 30         5.04660588
3 4         3.50663542
3 6          3.8131949
3 5         2.15358343
3 1         3.18492041
4 8         3.35372786
4 2         2.92761527
4 9           3.155763
4 7         2.48825056
4 30         2.97395897
5 30         6.79711547
5 4         4.49670821
5 1         5.27988049
5 6         2.46303012
5 3         2.15358343
6 9         5.77028162
6 4         3.97020358
6 10         5.58642192
6 3          3.8131949
6 5         2.46303012
7 27         2.00125093
7 13         1.25917978
7 9         1.50397342
7 8         1.16688246
7 2         1.26436538
8 12         1.17063104
8 7         1.16688246
8 13         1.11951963
8 9        0.722336509
8 11         1.11804135
9 7         1.50397342
9 11         1.02230381
9 12         1.44606196
9 8        0.722336509
9 10         1.06791147
10 8         1.70835958
10 11          1.1528793
10 63         1.37101715
10 9         1.06791147
10 62         1.19894377
11 10          1.1528793
11 8         1.11804135
11 62         1.04333445
11 12        0.661375985
11 9         1.02230381
12 48         1.21506488
12 8         1.17063104
12 50         1.03674679
12 11        0.661375985
12 49        0.991032099
13 14         1.43343796
13 7         1.25917978
13 47          1.1092615
13 8         1.11951963
13 48         1.00015744
14 47         1.24104187
14 26          1.1246079
14 16          1.1157499
14 27        0.803696623
14 15         1.05013834
15 16        0.907550629
15 24         0.90068814
15 18        0.712029584
15 25        0.618415477
15 26        0.675014122
16 46         1.46306948
16 18         1.00416247
16 17         1.37379292
16 15        0.907550629
16 14          1.1157499
17 19         1.88279877
17 18         1.84345896
17 38         1.66273113
17 16         1.37379292
17 46         1.40880455
18 25        0.970321398
18 24        0.950635044
18 23        0.810733927
18 15        0.712029584
18 22        0.550147872
19 21         1.21340369
19 18         1.10652322
19 38         1.12960417
19 22        0.848912531
19 20          0.9452921
20 23         1.11907214
20 34        0.882821273
20 19          0.9452921
20 21        0.478968468
20 22        0.890507005
21 24         1.03752077
21 20        0.478968468
21 22         0.75275958
21 34        0.407278909
21 23        0.730881499
22 19        0.848912531
22 23        0.562294662
22 34        0.792098836
22 18        0.550147872
22 21         0.75275958
23 33        0.720786617
23 22        0.562294662
23 25        0.701391894
23 24         0.35037712
23 34        0.464859786
24 34         0.68772806
24 25        0.403239448
24 33        0.560179517
24 23         0.35037712
24 31        0.542202022
25 23        0.701391894
25 15        0.618415477
25 26        0.486892713
25 24        0.403239448
25 31        0.444453285
26 15        0.675014122
26 31        0.624990445
26 27        0.639541853
26 28        0.495178732
26 25        0.486892713
27 29        0.960426959
27 14        0.803696623
27 2        0.829970152
27 26        0.639541853
27 28        0.609146612
28 25        0.868444274
28 27        0.609146612
28 31         0.72173279
28 26        0.495178732
28 29        0.409891623
29 32        0.997625576
29 27        0.960426959
29 28        0.409891623
29 31         0.84013002
29 26        0.874403366
30 2         1.83754539
30 32         1.26851617
30 31         1.76145759
30 29          1.0792006
30 28         1.48260669
31 28         0.72173279
31 26        0.624990445
31 33        0.609822392
31 25        0.444453285
31 24        0.542202022
32 24         1.26196906
32 29        0.997625576
32 28         1.23775506
32 31        0.896432843
32 33        0.821787923
33 32        0.821787923
33 34        0.671680661
33 23        0.720786617
33 24        0.560179517
33 31        0.609822392
34 22        0.792098836
34 33        0.671680661
34 24         0.68772806
34 21        0.407278909
34 23        0.464859786
35 23         1.50307656
35 21         1.18911071
35 32         1.40599329
35 34         1.07971895
35 33         1.10995556
36 496          1.5177159
36 37         1.32056906
36 21         1.41933813
36 20         1.12778011
36 497         1.31562817
37 38          1.7248468
37 91         1.39503456
37 20         1.69601146
37 36         1.32056906
37 120         1.49480737
38 20         1.94984653
38 39         1.25553908
38 37          1.7248468
38 19         1.12960417
38 17         1.66273113
39 87         1.82128967
39 88         1.51885868
39 37         1.81095666
39 38         1.25553908
39 90         1.50027233
40 38         2.38501601
40 87         1.63824048
40 41         2.37035709
40 43         1.56050205
40 17          1.9905379
41 66         2.48634795
41 40         2.37035709
41 87         2.43602582
41 85         2.06750823
41 84         2.04296717
42 66         2.93911252
42 54         2.18252463
42 44         2.84722778
42 43         2.10900416
42 41         2.57215225
43 17         2.50460062
43 42         2.10900416
43 46         2.50453438
43 44         1.74866715
43 40         1.56050205
44 50         2.17735932
44 46         1.81564395
44 52         1.83185146
44 45         1.22644903
44 43         1.74866715
45 46         1.34495686
45 44         1.22644903
45 50         1.31316572
45 49         1.01409406
45 48         1.19779787
46 48          1.7932436
46 17         1.40880455
46 16         1.46306948
46 45         1.34495686
46 47         1.13261324
47 45         1.41413216
47 14         1.24104187
47 46         1.13261324
47 48        0.939190935
47 13          1.1092615
48 12         1.21506488
48 47        0.939190935
48 45         1.19779787
48 49         0.56199995
48 13         1.00015744
49 47         1.41427429
49 50        0.753861281
49 45         1.01409406
49 48         0.56199995
49 12        0.991032099
50 45         1.31316572
50 51         1.16409886
50 48         1.31158151
50 49        0.753861281
50 12         1.03674679
51 49         1.91643771
51 12         1.90408439
51 50         1.16409886
51 52         1.09793929
51 60        0.950941774
52 45         2.03828076
52 53         1.92017033
52 44         1.83185146
52 51         1.09793929
52 50         1.68570508
53 56         2.50573448
53 59         1.92801672
53 51         2.21914047
53 52         1.92017033
53 54          1.9984795
54 51          3.0635421
54 42         2.18252463
54 44         2.74856212
54 52         2.05916331
54 53          1.9984795
55 67         4.70906718
55 42         3.43481203
55 56         4.16771895
55 66         3.18982367
55 54         3.77178881
56 52         4.26819867
56 59         3.76639167
56 55         4.16771895
56 53         2.50573448
56 54         3.08501644
57 61         4.57443157
57 59         3.64551781
57 64         4.56075714
57 58         1.40388431
57 56         4.34464163
58 53         3.83215977
58 59         2.43708899
58 64          3.2906147
58 57         1.40388431
58 61          3.2009087
59 58         2.43708899
59 53         1.92801672
59 51         2.26015809
59 61         1.38473668
59 60         2.14115977
60 12         1.54913133
60 61         1.37005677
60 50         1.39963772
60 51        0.950941774
60 62          1.0840888
61 51         2.05761224
61 59         1.38473668
61 63         1.60896688
61 60         1.37005677
61 62         1.49739995
62 12         1.48057541
62 10         1.19894377
62 63         1.20997518
62 11         1.04333445
62 60          1.0840888
63 11         2.04994488
63 10         1.37101715
63 64         1.95965294
63 62         1.20997518
63 61         1.60896688
64 59         3.28692425
64 62          3.0565236
64 10         3.26418124
64 61         2.44922288
64 63         1.95965294
65 10         6.77647912
65 6         5.84189024
65 58         6.73626607
65 64          4.4291037
65 63         5.92850215
66 84         3.32415005
66 42         2.93911252
66 55         3.18982367
66 41         2.48634795
66 83         2.92333695
67 70         5.24093703
67 66          3.3883853
67 55         4.70906718
67 68         3.30816493
67 83         3.97449027
68 67         3.30816493
68 70         2.39109499
68 80         3.05482509
68 83         1.89344121
68 82         2.48591783
69 67         5.39373472
69 68         5.05819445
69 71         4.27540196
69 195         4.96215688
69 70         4.21295817
70 80          2.8244595
70 68         2.39109499
70 72         2.82298228
70 71         1.57260664
70 73         2.80421389
71 74         3.45271405
71 194         2.95449293
71 72         2.91433163
71 73         1.74872225
71 70         1.57260664
72 76         1.95425658
72 79         1.78869089
72 74          1.8383055
72 80         1.64739183
72 75         1.77668851
73 70         2.80421389
73 71         1.74872225
73 72         2.05946767
73 194         1.59264074
73 74         1.77985421
74 194         2.16267402
74 73         1.77985421
74 72          1.8383055
74 75          1.3164667
74 193         1.42437146
75 191         1.91206859
75 74          1.3164667
75 72         1.77668851
75 76        0.894113519
75 77         1.77514662
76 99         1.85331366
76 79         1.37601353
76 97         1.59272697
76 77        0.898706177
76 75        0.894113519
77 78         1.44843508
77 76        0.898706177
77 79         1.34249684
77 97        0.766588038
77 98         1.33190018
78 96         1.56717971
78 95         1.40438334
78 77         1.44843508
78 94         1.25395346
78 79           1.265214
79 72         1.78869089
79 76         1.37601353
79 80         1.51595022
79 77         1.34249684
79 78           1.265214
80 78          2.4104705
80 72         1.64739183
80 81         1.81806313
80 79         1.51595022
80 82         1.59641548
81 78         1.82397485
81 94         1.26779415
81 80         1.81806313
81 82         1.20057912
81 86         1.79371326
82 94         2.46497047
82 83         1.55360281
82 84         1.74973932
82 81         1.20057912
82 80         1.59641548
83 85         2.90735465
83 84         1.62479447
83 81          2.5601081
83 82         1.55360281
83 68         1.89344121
84 41         2.04296717
84 82         1.74973932
84 81         1.90096366
84 83         1.62479447
84 85         1.28334287
85 81          2.1899504
85 84         1.28334287
85 41         2.06750823
85 86         1.25709951
85 87         1.31540572
86 81         1.79371326
86 88         1.42149288
86 87         1.74186492
86 85         1.25709951
86 94         1.13930954
87 39         1.82128967
87 40         1.63824048
87 86         1.74186492
87 85         1.31540572
87 88          1.7106949
88 39         1.51885868
88 90          1.2843896
88 93         1.49993885
88 89         1.23214718
88 86         1.42149288
89 91         1.58746243
89 90        0.926073098
89 88         1.23214718
89 93         0.84176532
89 92        0.982745989
90 39         1.50027233
90 88          1.2843896
90 92         1.44940844
90 89        0.926073098
90 91        0.928653185
91 37         1.39503456
91 90        0.928653185
91 120         1.36929211
91 118        0.922662295
91 117         1.33511014
92 93         1.39193229
92 111         1.35076671
92 117         1.20892136
92 112        0.945958277
92 89        0.982745989
93 96         1.73185002
93 89         0.84176532
93 88         1.49993885
93 95        0.815092969
93 92         1.39193229
94 93         1.73337785
94 81         1.26779415
94 95         1.49661288
94 78         1.25395346
94 86         1.13930954
95 89         1.63893108
95 96         1.03651572
95 94         1.49661288
95 93        0.815092969
95 78         1.40438334
96 78         1.56717971
96 100         1.21992452
96 98         1.55615297
96 95         1.03651572
96 97           1.052572
97 76         1.59272697
97 98        0.812120595
97 100         1.43341938
97 77        0.766588038
97 96           1.052572
98 176         1.49445703
98 99        0.991606363
98 77         1.33190018
98 97        0.812120595
98 100         1.19123305
99 97         1.64619939
99 191         1.53505677
99 177         1.60294873
99 98        0.991606363
99 176         1.40861626
100 97         1.43341938
100 96         1.21992452
100 103         1.35349311
100 98         1.19123305
100 101         1.23453569
101 111         1.15276149
101 105        0.987419696
101 103         1.07304768
101 104        0.978071699
101 110        0.815429583
102 175        0.577348409
102 174        0.500336224
102 172        0.525394341
102 134        0.352305346
102 135        0.491774822
103 174         1.10766268
103 176          1.0845919
103 101         1.07304768
103 175        0.719254275
103 104         0.71241324
104 175        0.783118169
104 105        0.626485876
104 102        0.780827441
104 134        0.562735392
104 103         0.71241324
105 107        0.846091194
105 133        0.777109948
105 134        0.812866107
105 104        0.626485876
105 106        0.609616984
106 130        0.673412859
106 133         0.51281251
106 105        0.609616984
106 131        0.478284287
106 107        0.515152176
107 105        0.846091194
107 130         0.67723253
107 129        0.846017316
107 108        0.669099263
107 106        0.515152176
108 124         1.09572674
108 107        0.669099263
108 113        0.921201402
108 109        0.625244242
108 128        0.878082867
109 105         1.13070938
109 108        0.625244242
109 107        0.944888051
109 113        0.589526078
109 110         0.55163902
110 111         1.11823431
110 101        0.815429583
110 105        0.972513165
110 109         0.55163902
110 113        0.935525641
111 113         1.51423467
111 110         1.11823431
111 92         1.35076671
111 112         0.93389325
111 101         1.15276149
112 113         1.10546228
112 111         0.93389325
112 92        0.945958277
112 114        0.695880367
112 117        0.917209816
113 110        0.935525641
113 108        0.921201402
113 114        0.742050865
113 109        0.589526078
113 115        0.669774264
114 115        0.753068592
114 117        0.715481686
114 113        0.742050865
114 116        0.678576326
114 112        0.695880367
115 122        0.845864647
115 113        0.669774264
115 114        0.753068592
115 116        0.630789441
115 123        0.477925236
116 117        0.832859306
116 119        0.699598476
116 115        0.630789441
116 114        0.678576326
116 122        0.591470269
117 119          0.9813845
117 118        0.746962798
117 112        0.917209816
117 114        0.715481686
117 116        0.832859306
118 116         1.16570791
118 91        0.922662295
118 119        0.767326687
118 120        0.894304469
118 117        0.746962798
119 117          0.9813845
119 122        0.726301585
119 121        0.914772759
119 116        0.699598476
119 118        0.767326687
120 91         1.36929211
120 118        0.894304469
120 495         1.32858034
120 496         0.85637646
120 119         1.02459733
121 125        0.877489679
121 493        0.722670791
121 495        0.779756101
121 122        0.674513466
121 126        0.758215425
122 119        0.726301585
122 125        0.619856181
122 493        0.694556403
122 116        0.591470269
122 121        0.674513466
123 493        0.927647883
123 122        0.875849554
123 125        0.671216875
123 115        0.477925236
123 124        0.521973489
124 115        0.989017221
124 128        0.963250668
124 125        0.787950078
124 123        0.521973489
124 127        0.691980562
125 124        0.787950078
125 123        0.671216875
125 126        0.690302927
125 122        0.619856181
125 493        0.256470888
126 492         0.92477109
126 125        0.690302927
126 121        0.758215425
126 493         0.44058922
126 491        0.630177661
127 493        0.916339721
127 382        0.786088881
127 125        0.882701719
127 491        0.752760629
127 124        0.691980562
128 124        0.963250668
128 381        0.803659708
128 108        0.878082867
128 129        0.657819081
128 141        0.707664264
129 141        0.745811229
129 140         0.63026073
129 128        0.657819081
129 130         0.47052584
129 138        0.567361291
130 106        0.673412859
130 131        0.515801174
130 137        0.576533529
130 129         0.47052584
130 138        0.574851128
131 130        0.515801174
131 106        0.478284287
131 133        0.480523785
131 132         0.44452663
131 136        0.479598899
132 172        0.448179043
132 133        0.362318632
132 131         0.44452663
132 136        0.282230287
132 135        0.324886183
133 106         0.51281251
133 131        0.480523785
133 132        0.362318632
133 134        0.467695066
133 135        0.325591398
134 172        0.624455985
134 104        0.562735392
134 135        0.392855866
134 133        0.467695066
134 102        0.352305346
135 102        0.491774822
135 133        0.325591398
135 134        0.392855866
135 172        0.316463285
135 132        0.324886183
136 137        0.588691751
136 131        0.479598899
136 170        0.407847863
136 132        0.282230287
136 169        0.399775018
137 131        0.586003586
137 138        0.463196805
137 130        0.576533529
137 169        0.434432392
137 158         0.53776735
138 130        0.574851128
138 140        0.522318609
138 129        0.567361291
138 139        0.502088365
138 137        0.463196805
139 158        0.550863081
139 138        0.502088365
139 149        0.538450029
139 151        0.413383942
139 140        0.491898616
140 149        0.607331849
140 141        0.485307087
140 138        0.522318609
140 142        0.480636493
140 139        0.491898616
141 129        0.745811229
141 142        0.523551758
141 128        0.707664264
141 381        0.480530669
141 140        0.485307087
142 148        0.562845366
142 141        0.523551758
142 140        0.480636493
142 144        0.376884111
142 149        0.362990934
143 148         0.71572723
143 145        0.440057761
143 407        0.596322481
143 144        0.426032592
143 379        0.461332436
144 145        0.512136852
144 142        0.376884111
144 149        0.462489629
144 148        0.374878582
144 143        0.426032592
145 370        0.656646539
145 144        0.512136852
145 148         0.53023113
145 143        0.440057761
145 146        0.350892626
146 370        0.558168209
146 148        0.459670856
146 147        0.513712851
146 153        0.442168948
146 145        0.350892626
147 149        0.484828683
147 151        0.458558015
147 148        0.324682574
147 150        0.280859751
147 152        0.305057892
148 146        0.459670856
148 144        0.374878582
148 149        0.343273488
148 147        0.324682574
148 150        0.301975525
149 144        0.462489629
149 142        0.362990934
149 151        0.419253301
149 150        0.223715678
149 148        0.343273488
150 152        0.474482012
150 147        0.280859751
150 148        0.301975525
150 149        0.223715678
150 151        0.295339581
151 152        0.454212955
151 139        0.413383942
151 149        0.419253301
151 150        0.295339581
151 160         0.32610819
152 155        0.458919529
152 151        0.454212955
152 157        0.383822402
152 160        0.352471346
152 147        0.305057892
153 365        0.592098696
153 147        0.496458702
153 152        0.530830118
153 154        0.488511073
153 146        0.442168948
154 152        0.671052742
154 365        0.533331236
154 156        0.603614038
154 155        0.401139361
154 153        0.488511073
155 160        0.600931676
155 152        0.458919529
155 156        0.476811621
155 157        0.287761273
155 154        0.401139361
156 161        0.705488667
156 157        0.652151146
156 259        0.636337249
156 154        0.603614038
156 155        0.476811621
157 159        0.602597288
157 152        0.383822402
157 161        0.448164697
157 160         0.34681364
157 155        0.287761273
158 169        0.603354857
158 159        0.435367114
158 139        0.550863081
158 162        0.408232018
158 137         0.53776735
159 162        0.580752227
159 151        0.480212288
159 139         0.55234867
159 160        0.351462832
159 158        0.435367114
160 150        0.553233519
160 159        0.351462832
160 152        0.352471346
160 151         0.32610819
160 157         0.34681364
161 155        0.638950734
161 160        0.607037984
161 163        0.513161666
161 157        0.448164697
161 159        0.602763695
162 159        0.580752227
162 167        0.439491948
162 169        0.558012938
162 158        0.408232018
162 163        0.510883367
163 159        0.749905625
163 167         0.72882958
163 161        0.513161666
163 164        0.520826031
163 162        0.510883367
164 167        0.838026365
164 166        0.611481204
164 357        0.752964999
164 163        0.520826031
164 165        0.701347075
165 168         0.85000537
165 164        0.701347075
165 219        0.717968193
165 166         0.67875122
165 182         0.48410431
166 168        0.680217716
166 164        0.611481204
166 165         0.67875122
166 167        0.481104975
166 170        0.671620854
167 136        0.716269024
167 166        0.481104975
167 170        0.456527791
167 169        0.432113734
167 162        0.439491948
168 165         0.85000537
168 173        0.725939016
168 170        0.819829034
168 171        0.567272194
168 166        0.680217716
169 162        0.558012938
169 167        0.432113734
169 170        0.452810836
169 136        0.399775018
169 137        0.434432392
170 172        0.578681451
170 136        0.407847863
170 167        0.456527791
170 171        0.385182299
170 169        0.452810836
171 132        0.666883172
171 168        0.567272194
171 136        0.655520738
171 172        0.372228236
171 170        0.385182299
172 170        0.578681451
172 171        0.372228236
172 102        0.525394341
172 135        0.316463285
172 132        0.448179043
173 168        0.725939016
173 102        0.686662709
173 172        0.724763521
173 174        0.518467502
173 171        0.721793155
174 134        0.825897685
174 102        0.500336224
174 179        0.763566454
174 175        0.388779697
174 173        0.518467502
175 104        0.783118169
175 103        0.719254275
175 134        0.769104705
175 174        0.388779697
175 102        0.577348409
176 99         1.40861626
176 178          1.1939744
176 175          1.2806879
176 103          1.0845919
176 179         1.17492952
177 99         1.60294873
177 188         1.05957451
177 176         1.49145645
177 178        0.828569436
177 187         1.43967914
178 180          1.2543095
178 179        0.855589808
178 176          1.1939744
178 177        0.828569436
178 187         1.10542984
179 173        0.976316506
179 178        0.855589808
179 175        0.903797445
179 174        0.763566454
179 180        0.868656764
180 187         1.19082025
180 179        0.868656764
180 184         1.18325087
180 181        0.653403817
180 173        0.993430532
181 168        0.920148791
181 182        0.758591617
181 184         0.73341772
181 180        0.653403817
181 183        0.724669516
182 168        0.903124899
182 165         0.48410431
182 219        0.870235681
182 183        0.417023176
182 181        0.758591617
183 165        0.881808324
183 184        0.543470553
183 181        0.724669516
183 182        0.417023176
183 218        0.645192408
184 182        0.922048424
184 183        0.543470553
184 218         0.84067764
184 185        0.535072471
184 181         0.73341772
185 216        0.987384218
185 218        0.957141996
185 217         0.80064787
185 184        0.535072471
185 186        0.780691912
186 216         1.13363539
186 187        0.924058682
186 184         1.04124555
186 215        0.876392245
186 185        0.780691912
187 177         1.43967914
187 215         1.28838181
187 178         1.10542984
187 180         1.19082025
187 186        0.924058682
188 191         1.68867293
188 189         1.40113283
188 178         1.66888699
188 177         1.05957451
188 187         1.53247863
189 215         2.14437238
189 206         1.46436864
189 214         1.96732605
189 188         1.40113283
189 190         1.36363578
190 188         2.40788971
190 193         2.30403913
190 206         2.05824701
190 192         1.71772361
190 189         1.36363578
191 75         1.91206859
191 193         1.54104714
191 188         1.68867293
191 99         1.53505677
191 177         1.65944264
192 74          3.2218328
192 194          2.5218094
192 189         3.06620602
192 193         2.22341515
192 190         1.71772361
193 190         2.30403913
193 75         1.95819752
193 192         2.22341515
193 191         1.54104714
193 74         1.42437146
194 71         2.95449293
194 74         2.16267402
194 193         2.52553954
194 73         1.59264074
194 192          2.5218094
195 199         5.16045007
195 69         4.96215688
195 73         5.13780676
195 71         4.55150064
195 194         4.64667478
196 192         3.31105877
196 206         2.94402044
196 190         3.12333781
196 197         2.53815903
196 204         2.70709085
197 198         4.90888818
197 192         4.41316031
197 204         4.26303577
197 200         4.12585539
197 196         2.53815903
198 196          7.3610522
198 201         6.17239039
198 199         5.83805303
198 197         4.90888818
198 200         4.22607535
199 192         9.45368186
199 198         5.83805303
199 194         8.91378276
199 195         5.16045007
199 197         7.61429248
200 252         4.78995165
200 197         4.12585539
200 198         4.22607535
200 201         2.80785871
200 203         4.00251089
201 251         5.11825894
201 253         3.28371117
201 203         4.48008613
201 200         2.80785871
201 252         3.50555287
202 240         2.15030825
202 252         2.12881975
202 243         2.09091141
202 239          1.3606583
202 251         1.57690112
203 251         3.51429637
203 205         2.65728968
203 252          2.6611032
203 204         2.39780557
203 202         2.40453916
204 209         3.09929498
204 207          3.0275124
204 205         2.83346404
204 196         2.70709085
204 203         2.39780557
205 203         2.65728968
205 240         2.53730153
205 239         2.47551493
205 202         2.52078721
205 282         2.33592526
206 208         2.12808028
206 214         1.71976827
206 190         2.05824701
206 207         1.48639861
206 189         1.46436864
207 214         1.92225272
207 210         1.81296141
207 206         1.48639861
207 208         1.09171925
207 209         1.39001109
208 209         1.28302335
208 212         1.24917962
208 207         1.09171925
208 211         1.18256897
208 210         0.72124513
209 210         1.66471727
209 211         1.58885933
209 207         1.39001109
209 208         1.28302335
209 237         1.14181512
210 236         1.16714766
210 208         0.72124513
210 213        0.867332282
210 212        0.544056137
210 211        0.652649631
211 208         1.18256897
211 212        0.771980278
211 235         1.10861205
211 210        0.652649631
211 236        0.672623044
212 236        0.927173009
212 211        0.771980278
212 235         0.87548927
212 213        0.580322232
212 210        0.544056137
213 235         1.25989531
213 210        0.867332282
213 224         1.15436172
213 212        0.580322232
213 216        0.770940849
214 210         1.61949829
214 213         1.28970075
214 208         1.50558486
214 215        0.857594073
214 216         1.50327139
215 213         1.45995331
215 187         1.28838181
215 216         1.18960992
215 214        0.857594073
215 186        0.876392245
216 186         1.13363539
216 185        0.987384218
216 224        0.910842877
216 213        0.770940849
216 217        0.850967136
217 222        0.914270585
217 218        0.907968815
217 216        0.850967136
217 185         0.80064787
217 224        0.636731633
218 182        0.940761286
218 184         0.84067764
218 217        0.907968815
218 183        0.645192408
218 220        0.598684124
219 164        0.962022417
219 182        0.870235681
219 358        0.840311141
219 165        0.717968193
219 364        0.819451737
220 359          1.0109649
220 221        0.728664515
220 219        0.996801468
220 218        0.598684124
220 358        0.979406832
221 223         1.10460796
221 222          0.7476465
221 359         0.89631391
221 220        0.728664515
221 225        0.891879883
222 235         0.98326647
222 221          0.7476465
222 217        0.914270585
222 224        0.507813077
222 223        0.560134211
223 221         1.10460796
223 224        0.901206154
223 227         1.00407007
223 222        0.560134211
223 235        0.677799347
224 235        0.967613225
224 223        0.901206154
224 216        0.910842877
224 222        0.507813077
224 217        0.636731633
225 226         1.27353126
225 227        0.978924807
225 360          1.2165987
225 221        0.891879883
225 359        0.866253628
226 229         1.30808916
226 225         1.27353126
226 360         1.15207848
226 228         1.20634999
226 361         1.03348687
227 232         1.09757581
227 234         1.05274041
227 228         1.07959162
227 225        0.978924807
227 223         1.00407007
228 225         1.28873176
228 227         1.07959162
228 229           1.214424
228 232          1.0401665
228 226         1.20634999
229 482         1.57793094
229 226         1.30808916
229 481         1.31841279
229 228           1.214424
229 230         1.27792882
230 276         1.53004336
230 275         1.44467585
230 481          1.3436712
230 231         1.23981969
230 229         1.27792882
231 228         1.45480511
231 230         1.23981969
231 233         1.26921658
231 232        0.823176899
231 279        0.979881159
232 234         1.22685253
232 227         1.09757581
232 233         1.04615711
232 228          1.0401665
232 231        0.823176899
233 279         1.50568813
233 234         1.13429357
233 231         1.26921658
233 280         1.10590312
233 232         1.04615711
234 223         1.18820732
234 233         1.13429357
234 235         1.18198927
234 236         1.05136515
234 227         1.05274041
235 222         0.98326647
235 224        0.967613225
235 223        0.677799347
235 212         0.87548927
235 236        0.601131379
236 210         1.16714766
236 212        0.927173009
236 234         1.05136515
236 211        0.672623044
236 235        0.601131379
237 210         1.75207043
237 236         1.58028989
237 238         0.98334937
237 209         1.14181512
237 211         1.25627624
238 234         1.84090782
238 233         1.56660089
238 280         1.67694492
238 237         0.98334937
238 281         1.64318352
239 251         2.25152606
239 243         1.38948899
239 282         1.91353201
239 240        0.817800065
239 202          1.3606583
240 205         2.53730153
240 243         1.73118328
240 202         2.15030825
240 239        0.817800065
240 282         1.19633027
241 243          2.7385961
241 240          2.6625507
241 284         2.61328094
241 242         1.61522001
241 283         1.92927857
242 248         2.77124323
242 244         1.74488832
242 245         2.19734575
242 241         1.61522001
242 243         1.82531503
243 251         1.85504489
243 239         1.38948899
243 242         1.82531503
243 244          1.2998188
243 240         1.73118328
244 250         1.84357666
244 242         1.74488832
244 245         1.70610104
244 243          1.2998188
244 248          1.2327643
245 247         2.33624428
245 242         2.19734575
245 246         1.43890442
245 248         1.46926923
245 244         1.70610104
246 255         2.41114061
246 248          1.6592939
246 249         2.19539465
246 247         1.28021164
246 245         1.43890442
247 250         2.18861032
247 246         1.28021164
247 254         1.66421032
247 249         1.18105406
247 248          1.5539139
248 247          1.5539139
248 250         1.43597563
248 245         1.46926923
248 244          1.2327643
248 249         1.31097628
249 246         2.19539465
249 247         1.18105406
249 254         2.03825401
249 250         1.08509888
249 248         1.31097628
250 247         2.18861032
250 244         1.84357666
250 248         1.43597563
250 251         1.20916236
250 249         1.08509888
251 244         2.00450998
251 252         1.67048475
251 243         1.85504489
251 250         1.20916236
251 202         1.57690112
252 253         2.74488601
252 203          2.6611032
252 250         2.22362832
252 202         2.12881975
252 251         1.67048475
253 247         3.25813473
253 252         2.74488601
253 250         2.78665421
253 254         2.43708516
253 249         2.53011719
254 246         2.80241358
254 255         2.32844985
254 253         2.43708516
254 247         1.66421032
254 249         2.03825401
255 249         3.49485963
255 246         2.41114061
255 256         3.20548659
255 247         2.37336056
255 254         2.32844985
256 247         4.54004102
256 246           3.550575
256 245         4.20722708
256 255         3.20548659
256 257         4.09461491
257 244         3.93526939
257 241         3.57914482
257 246         3.70648369
257 242         2.92942574
257 245         2.73259726
258 154        0.735464797
258 265        0.629478756
258 422        0.631596936
258 259        0.471103535
258 366        0.581275549
259 363        0.714861287
259 265        0.622433437
259 156        0.636337249
259 258        0.471103535
259 260        0.323318895
260 156        0.778210118
260 261        0.617085706
260 265        0.736545366
260 259        0.323318895
260 363         0.39169815
261 362        0.775627551
261 260        0.617085706
261 263        0.650227649
261 262        0.386435759
261 363        0.506908087
262 266        0.698083774
262 265        0.577044075
262 263        0.595599974
262 264        0.467400821
262 261        0.386435759
263 268         1.02566263
263 264        0.683871256
263 261        0.650227649
263 262        0.595599974
263 361        0.635511036
264 265        0.763031193
264 266        0.603967064
264 263        0.683871256
264 262        0.467400821
264 267        0.446927803
265 258        0.629478756
265 262        0.577044075
265 259        0.622433437
265 266         0.39816917
265 422        0.583267181
266 421         0.65829164
266 423        0.408647133
266 264        0.603967064
266 265         0.39816917
266 422         0.53199297
267 262        0.902346773
267 266        0.694245222
267 423        0.680106232
267 264        0.446927803
267 480        0.513636274
268 226         1.31772944
268 267          1.2231341
268 474         1.24663657
268 264         1.20561504
268 263         1.02566263
269 364         0.84098804
269 358        0.660957795
269 361        0.684575522
269 360        0.439390271
269 362        0.449665747
270 274         1.61807116
270 483         1.51063584
270 485         1.33469774
270 273         1.03420604
270 484        0.956473122
271 270         1.97829442
271 273         1.48930584
271 485         1.68925893
271 272        0.990953704
271 486         1.12608879
272 486         2.00677936
272 273         1.37090861
272 304         1.78774706
272 271        0.990953704
272 293         1.31637691
273 274         1.64705259
273 272         1.37090861
273 293           1.596563
273 270         1.03420604
273 271         1.48930584
274 292         1.94281672
274 275         1.75368958
274 484         1.77876367
274 270         1.61807116
274 273         1.64705259
275 481         1.89350688
275 230         1.44467585
275 277         1.77604835
275 276          1.2351644
275 274         1.75368958
276 231         1.57007289
276 275          1.2351644
276 230         1.53004336
276 279        0.879998825
276 278         1.48503673
277 274         2.32010965
277 275         1.77604835
277 292         2.04714471
277 276         1.76903314
277 278         1.64042664
278 280         1.88027949
278 283         1.73399768
278 277         1.64042664
278 276         1.48503673
278 279         1.68384529
279 230         1.64917053
279 280         1.18739885
279 233         1.50568813
279 276        0.879998825
279 231        0.979881159
280 231         1.70624507
280 281         1.42674367
280 238         1.67694492
280 279         1.18739885
280 233         1.10590312
281 233         2.28164814
281 282         1.52906768
281 283         2.25181619
281 280         1.42674367
281 238         1.64318352
282 205         2.33592526
282 239         1.91353201
282 283         1.98454114
282 240         1.19633027
282 281         1.52906768
283 240         2.57576629
283 282         1.98454114
283 281         2.25181619
283 241         1.92927857
283 278         1.73399768
284 292         3.11023144
284 283         2.97459212
284 291          3.1098062
284 241         2.61328094
284 277         2.97429752
285 297          4.2913125
285 296         4.01455662
285 284         3.47738998
285 290         2.58967637
285 291         3.19675997
286 290         6.99105909
286 287         5.37364421
286 285         5.55461213
286 257         5.22696754
286 256         4.60376049
287 299          8.0490784
287 285         7.98410855
287 290         7.54801114
287 286         5.37364421
287 288         5.95741652
288 301         4.86714345
288 289         3.50212288
288 298         4.81553469
288 299         2.15772407
288 290         3.69050113
289 294         2.92252828
289 290         2.35791498
289 296         2.67578117
289 298         1.43888952
289 297         1.89811493
290 291         3.18723597
290 285         2.58967637
290 296         2.93968688
290 289         2.35791498
290 297         2.68809818
291 284          3.1098062
291 297         2.18073559
291 295         2.41717028
291 296         1.43159127
291 292         2.02111818
292 293         2.60851279
292 277         2.04714471
292 295         2.56761477
292 274         1.94281672
292 291         2.02111818
293 274         2.41052819
293 273           1.596563
293 271         2.22601108
293 272         1.31637691
293 295         1.20685869
294 293         2.42176745
294 295         1.81903717
294 304         2.28429255
294 298         1.52249539
294 297         2.11370588
295 272         2.38661389
295 297         1.87214966
295 294         1.81903717
295 296         1.54113145
295 293         1.20685869
296 294         2.48935358
296 291         1.43159127
296 298         2.37309922
296 297        0.816854819
296 295         1.54113145
297 294         2.11370588
297 298         1.61288022
297 289         1.89811493
297 296        0.816854819
297 295         1.87214966
298 295         2.66946777
298 297         1.61288022
298 296         2.37309922
298 289         1.43888952
298 294         1.52249539
299 300         4.08378388
299 298         3.80278112
299 301          2.8002204
299 289          2.9894698
299 288         2.15772407
300 332         6.01785048
300 299         4.08378388
300 288         5.88262064
300 301          3.7736065
300 302         5.40876667
301 303         3.64677369
301 299          2.8002204
301 289         3.47767467
301 302         1.91870629
301 298         3.10283159
302 304          3.2091176
302 294         2.67277532
302 298         2.82051943
302 301         1.91870629
302 303         2.10903891
303 329         3.54189561
303 304         3.33293598
303 331         2.32363268
303 330         2.90343429
303 302         2.10903891
304 293         2.56036508
304 271         2.19784017
304 486         2.46413896
304 272         1.78774706
