0 506 boston_polygons POLY_ID
1 35         5.68989188
1 501         5.61379288
1 506         4.63693279
1 5         5.27988049
1 29          5.4491434
1 30         4.39596171
1 4         4.92889983
1 32         5.08933753
1 3         3.18492041
1 502         4.68403031
2 15         1.90507177
2 31         1.87016634
2 13         1.59765861
2 7         1.26436538
2 30         1.83754539
2 14         1.30632589
2 26         1.42674489
2 28          1.1525593
2 27        0.829970152
2 29         1.26414506
3 28         6.39476624
3 32         6.22022201
3 7         5.93552745
3 6          3.8131949
3 29         6.04460286
3 1         3.18492041
3 30         5.04660588
3 5         2.15358343
3 4         3.50663542
3 2         6.01537848
4 13         3.74506262
4 28         3.73577331
4 8         3.35372786
4 3         3.50663542
4 27         3.70840214
4 7         2.48825056
4 2         2.92761527
4 9           3.155763
4 30         2.97395897
4 29         3.53186151
5 8         7.63722402
5 2         7.37233296
5 7         6.95278046
5 4         4.49670821
5 10         7.34599592
5 1         5.27988049
5 30         6.79711547
5 6         2.46303012
5 3         2.15358343
5 9         7.22049047
6 64         6.40751241
6 8         6.34553821
6 7         6.00232024
6 4         3.97020358
6 63         6.03293663
6 10         5.58642192
6 9         5.77028162
6 5         2.46303012
6 3          3.8131949
6 65         5.84189024
7 47         2.32623312
7 48          2.1790075
7 12           2.302942
7 9         1.50397342
7 14         2.08908536
7 13         1.25917978
7 11         2.26847708
7 8         1.16688246
7 2         1.26436538
7 27         2.00125093
8 50         2.12894737
8 47         2.11550655
8 12         1.17063104
8 10         1.70835958
8 49         1.72668707
8 13         1.11951963
8 11         1.11804135
8 7         1.16688246
8 9        0.722336509
8 48         1.51083487
9 63         2.41246628
9 49         2.26193912
9 13         1.83486749
9 62         1.82718982
9 48         2.16123894
9 12         1.44606196
9 11         1.02230381
9 10         1.06791147
9 8        0.722336509
9 7         1.50397342
10 50         2.72673731
10 7         2.55422316
10 12         1.81277112
10 8         1.70835958
10 61         2.54685501
10 63         1.37101715
10 11          1.1528793
10 62         1.19894377
10 9         1.06791147
10 60         2.23694826
11 13         2.00215768
11 48         1.80791295
11 50         1.60937837
11 10          1.1528793
11 49         1.65065571
11 12        0.661375985
11 8         1.11804135
11 62         1.04333445
11 9         1.02230381
11 60         1.57485323
12 10         1.81277112
12 60         1.54913133
12 13          1.6680496
12 8         1.17063104
12 62         1.48057541
12 11        0.661375985
12 50         1.03674679
12 49        0.991032099
12 48         1.21506488
12 9         1.44606196
13 27         1.85531866
13 9         1.83486749
13 12          1.6680496
13 7         1.25917978
13 49         1.51588412
13 2         1.59765861
13 47          1.1092615
13 8         1.11951963
13 48         1.00015744
13 14         1.43343796
14 18         1.68193587
14 25          1.4742769
14 2         1.30632589
14 28          1.3605734
14 13         1.43343796
14 15         1.05013834
14 26          1.1246079
14 27        0.803696623
14 47         1.24104187
14 16          1.1157499
15 22         1.13951702
15 27          1.0795874
15 23         1.02939544
15 26        0.675014122
15 14         1.05013834
15 18        0.712029584
15 16        0.907550629
15 25        0.618415477
15 24         0.90068814
15 31          1.0445127
16 27         1.66321561
16 47         1.57451645
16 25         1.51913339
16 46         1.46306948
16 22         1.54924167
16 18         1.00416247
16 15        0.907550629
16 17         1.37379292
16 14          1.1157499
16 26         1.51919054
17 14         2.42937147
17 47         2.31146211
17 18         1.84345896
17 15         2.17367231
17 22         2.19356458
17 38         1.66273113
17 16         1.37379292
17 19         1.88279877
17 46         1.40880455
17 40          1.9905379
18 26         1.29213131
18 21         1.28211094
18 16         1.00416247
18 19         1.10652322
18 34         1.21502597
18 23        0.810733927
18 22        0.550147872
18 15        0.712029584
18 24        0.950635044
18 25        0.970321398
19 15         1.81800868
19 37          1.7598588
19 23         1.39805103
19 24          1.7216287
19 34         1.47987702
19 18         1.10652322
19 21         1.21340369
19 22        0.848912531
19 38         1.12960417
19 20          0.9452921
20 33         1.55329727
20 24         1.45751996
20 35         1.51775814
20 36         1.12778011
20 18         1.43347361
20 22        0.890507005
20 23         1.11907214
20 21        0.478968468
20 34        0.882821273
20 19          0.9452921
21 36         1.41933813
21 18         1.28211094
21 35         1.18911071
21 24         1.03752077
21 19         1.21340369
21 20        0.478968468
21 33         1.07508522
21 23        0.730881499
21 34        0.407278909
21 22         0.75275958
22 33         1.27279502
22 15         1.13951702
22 34        0.792098836
22 24        0.873214591
22 25         1.10786321
22 18        0.550147872
22 23        0.562294662
22 19        0.848912531
22 21         0.75275958
22 20        0.890507005
23 20         1.11907214
23 15         1.02939544
23 18        0.810733927
23 33        0.720786617
23 31        0.888905838
23 22        0.562294662
23 25        0.701391894
23 34        0.464859786
23 24         0.35037712
23 21        0.730881499
24 21         1.03752077
24 15         0.90068814
24 18        0.950635044
24 22        0.873214591
24 26        0.881035732
24 34         0.68772806
24 23         0.35037712
24 25        0.403239448
24 33        0.560179517
24 31        0.542202022
25 22         1.10786321
25 34         1.09000047
25 18        0.970321398
25 15        0.618415477
25 28        0.868444274
25 33        0.841349574
25 23        0.701391894
25 26        0.486892713
25 24        0.403239448
25 31        0.444453285
26 33         1.20693668
26 23         1.18776127
26 29        0.874403366
26 15        0.675014122
26 14          1.1246079
26 31        0.624990445
26 27        0.639541853
26 28        0.495178732
26 25        0.486892713
26 24        0.881035732
27 16         1.66321561
27 24         1.52057189
27 31         1.19829985
27 14        0.803696623
27 25          1.1238915
27 29        0.960426959
27 26        0.639541853
27 28        0.609146612
27 2        0.829970152
27 15          1.0795874
28 33         1.31529143
28 32         1.23775506
28 2          1.1525593
28 25        0.868444274
28 24         1.18988427
28 31         0.72173279
28 26        0.495178732
28 27        0.609146612
28 29        0.409891623
28 15         1.16854102
29 24         1.37664242
29 33         1.33196866
29 32        0.997625576
29 30          1.0792006
29 2         1.26414506
29 31         0.84013002
29 26        0.874403366
29 27        0.960426959
29 28        0.409891623
29 25         1.14163761
30 24         2.28742443
30 25         2.15493093
30 26          1.9521184
30 31         1.76145759
30 33         2.01759226
30 28         1.48260669
30 2         1.83754539
30 32         1.26851617
30 29          1.0792006
30 27         1.94034766
31 34          1.1222412
31 15          1.0445127
31 32        0.896432843
31 29         0.84013002
31 23        0.888905838
31 26        0.624990445
31 24        0.542202022
31 28         0.72173279
31 25        0.444453285
31 33        0.609822392
32 34         1.47502616
32 35         1.40599329
32 26         1.43964891
32 30         1.26851617
32 25         1.33390859
32 31        0.896432843
32 29        0.997625576
32 28         1.23775506
32 33        0.821787923
32 24         1.26196906
33 22         1.27279502
33 26         1.20693668
33 35         1.10995556
33 21         1.07508522
33 32        0.821787923
33 25        0.841349574
33 24        0.560179517
33 23        0.720786617
33 31        0.609822392
33 34        0.671680661
34 18         1.21502597
34 31          1.1222412
34 35         1.07971895
34 24         0.68772806
34 25         1.09000047
34 20        0.882821273
34 33        0.671680661
34 23        0.464859786
34 21        0.407278909
34 22        0.792098836
35 498         1.72715829
35 31          1.7113197
35 20         1.51775814
35 36          1.7040702
35 23         1.50307656
35 33         1.10995556
35 24         1.56630286
35 21         1.18911071
35 34         1.07971895
35 32         1.40599329
36 498         2.00135372
36 19         1.87233407
36 34         1.77088776
36 21         1.41933813
36 120         1.69081756
36 20         1.12778011
36 35          1.7040702
36 37         1.32056906
36 497         1.31562817
36 496          1.5177159
37 496         1.98243504
37 118         1.87019442
37 19          1.7598588
37 38          1.7248468
37 90         1.85343328
37 20         1.69601146
37 120         1.49480737
37 91         1.39503456
37 36         1.32056906
37 39         1.81095666
38 16         2.38980064
38 40         2.38501601
38 18         2.04188355
38 17         1.66273113
38 21         2.31160108
38 20         1.94984653
38 37          1.7248468
38 19         1.12960417
38 39         1.25553908
38 22         1.95173257
39 17         2.66996339
39 40         2.41943504
39 37         1.81095666
39 19         2.27937317
39 89         2.22074459
39 90         1.50027233
39 88         1.51885868
39 91         2.03081574
39 38         1.25553908
39 87         1.82128967
40 88         3.14109774
40 44         3.02105603
40 46         2.83998082
40 41         2.37035709
40 39         2.41943504
40 85         2.63569858
40 17          1.9905379
40 43         1.56050205
40 87         1.63824048
40 38         2.38501601
41 82         3.75826518
41 86         3.32095392
41 66         2.48634795
41 43         2.51004845
41 83         3.01086295
41 84         2.04296717
41 87         2.43602582
41 85         2.06750823
41 40         2.37035709
41 42         2.57215225
42 53          4.1570247
42 45         4.07086467
42 66         2.93911252
42 40         3.37945645
42 52         3.50152243
42 44         2.84722778
42 54         2.18252463
42 43         2.10900416
42 41         2.57215225
42 55         3.43481203
43 52         3.38527291
43 54         3.34537857
43 17         2.50460062
43 42         2.10900416
43 87         3.07898898
43 44         1.74866715
43 46         2.50453438
43 40         1.56050205
43 41         2.51004845
43 45         2.77524387
44 54         2.74856212
44 51         2.56016452
44 50         2.17735932
44 49         2.17873509
44 47         2.46697983
44 46         1.81564395
44 43         1.74866715
44 52         1.83185146
44 45         1.22644903
44 48         2.42419028
45 51         2.19855681
45 13         2.13132427
45 47         1.41413216
45 52         2.03828076
45 12         1.99067084
45 44         1.22644903
45 46         1.34495686
45 48         1.19779787
45 49         1.01409406
45 50         1.31316572
46 15          2.3244227
46 13          2.2412695
46 44         1.81564395
46 16         1.46306948
46 49         2.02292013
46 48          1.7932436
46 17         1.40880455
46 47         1.13261324
46 45         1.34495686
46 14         1.91815004
47 8         2.11550655
47 15         2.10322365
47 49         1.41427429
47 27         2.00600802
47 16         1.57451645
47 13          1.1092615
47 45         1.41413216
47 14         1.24104187
47 48        0.939190935
47 46         1.13261324
48 14         2.00053943
48 11         1.80791295
48 50         1.31158151
48 8         1.51083487
48 46          1.7932436
48 49         0.56199995
48 12         1.21506488
48 47        0.939190935
48 13         1.00015744
48 45         1.19779787
49 46         2.02292013
49 51         1.91643771
49 12        0.991032099
49 11         1.65065571
49 8         1.72668707
49 50        0.753861281
49 47         1.41427429
49 13         1.51588412
49 48         0.56199995
49 45         1.01409406
50 8         2.12894737
50 62         1.99852044
50 52         1.68570508
50 48         1.31158151
50 60         1.39963772
50 11         1.60937837
50 49        0.753861281
50 12         1.03674679
50 51         1.16409886
50 45         1.31316572
51 53         2.21914047
51 11         2.21657427
51 62         2.00994319
51 49         1.91643771
51 45         2.19855681
51 52         1.09793929
51 60        0.950941774
51 50         1.16409886
51 12         1.90408439
51 61         2.05761224
52 48          2.8102712
52 12         2.68359326
52 49         2.28177493
52 60          2.0487093
52 54         2.05916331
52 53         1.92017033
52 45         2.03828076
52 51         1.09793929
52 50         1.68570508
52 44         1.83185146
53 58         3.83215977
53 44         3.62305387
53 51         2.21914047
53 61         2.97357971
53 50         3.31779527
53 52         1.92017033
53 59         1.92801672
53 56         2.50573448
53 54          1.9984795
53 60         2.83529349
54 55         3.77178881
54 50         3.71741837
54 44         2.74856212
54 43         3.34537857
54 45         3.65322791
54 53          1.9984795
54 52         2.05916331
54 42         2.18252463
54 56         3.08501644
54 51          3.0635421
55 44         6.00552223
55 52         5.82655563
55 41         5.01986658
55 67         4.70906718
55 43         5.54143065
55 56         4.16771895
55 54         3.77178881
55 66         3.18982367
55 42         3.43481203
55 53         5.24800913
56 61         5.11053121
56 42         4.93153127
56 58         4.32328619
56 57         4.34464163
56 51         4.72456811
56 54         3.08501644
56 59         3.76639167
56 52         4.26819867
56 53         2.50573448
56 55         4.16771895
57 62         6.06287172
57 51         5.89206031
57 53         4.63539697
57 63         5.69159327
57 60         5.72910063
57 59         3.64551781
57 61         4.57443157
57 58         1.40388431
57 64         4.56075714
57 56         4.34464163
58 51         4.69131846
58 62         4.67752463
58 63         4.29038828
58 53         3.83215977
58 60         4.41743721
58 59         2.43708899
58 61          3.2009087
58 64          3.2906147
58 57         1.40388431
58 56         4.32328619
59 50         3.33819487
59 64         3.28692425
59 60         2.14115977
59 52         2.84315802
59 63         2.97782563
59 53         1.92801672
59 58         2.43708899
59 62         2.75762368
59 61         1.38473668
59 51         2.26015809
60 59         2.14115977
60 63         2.11003211
60 52          2.0487093
60 12         1.54913133
60 49         2.04901016
60 61         1.37005677
60 11         1.57485323
60 62          1.0840888
60 51        0.950941774
60 50         1.39963772
61 50         2.76965208
61 12         2.74260662
61 10         2.54685501
61 51         2.05761224
61 11          2.4920738
61 62         1.49739995
61 60         1.37005677
61 63         1.60896688
61 59         1.38473668
61 64         2.44922288
62 8         2.13908633
62 51         2.00994319
62 9         1.82718982
62 61         1.49739995
62 50         1.99852044
62 12         1.48057541
62 11         1.04333445
62 10         1.19894377
62 60          1.0840888
62 63         1.20997518
63 59         2.97782563
63 8         2.96707257
63 12         2.62139647
63 61         1.60896688
63 9         2.41246628
63 11         2.04994488
63 10         1.37101715
63 62         1.20997518
63 64         1.95965294
63 60         2.11003211
64 65          4.4291037
64 9         4.33076821
64 58          3.2906147
64 60         3.63598856
64 11         3.99734664
64 61         2.44922288
64 62          3.0565236
64 59         3.28692425
64 10         3.26418124
64 63         1.95965294
65 9         7.71937734
65 59          7.6454047
65 62         7.13792489
65 58         6.73626607
65 57         7.45161875
65 10         6.77647912
65 61         6.86748816
65 6         5.84189024
65 64          4.4291037
65 63         5.92850215
66 82         4.38792277
66 43         4.32787957
66 85         4.13593443
66 67          3.3883853
66 68         4.04117209
66 83         2.92333695
66 55         3.18982367
66 42         2.93911252
66 41         2.48634795
66 84         3.32415005
67 42         6.22609495
67 84         5.39351982
67 41         5.60554229
67 55         4.70906718
67 82         5.35208329
67 70         5.24093703
67 69         5.39373472
67 66          3.3883853
67 68         3.30816493
67 83         3.97449027
68 72         4.14701224
68 66         4.04117209
68 71         3.96287294
68 67         3.30816493
68 81           3.682168
68 70         2.39109499
68 83         1.89344121
68 82         2.48591783
68 80         3.05482509
68 84         3.45698745
69 80         6.99522039
69 83         6.94126328
69 195         4.96215688
69 73         5.99608567
69 72          6.9215487
69 70         4.21295817
69 71         4.27540196
69 67         5.39373472
69 68         5.05819445
69 194         6.83652676
70 69         4.21295817
70 79         4.12277015
70 80          2.8244595
70 74          4.1051856
70 83         3.90590154
70 71         1.57260664
70 73         2.80421389
70 68         2.39109499
70 72         2.82298228
70 82          3.5221921
71 195         4.55150064
71 75          4.3247251
71 68         3.96287294
71 69         4.27540196
71 80         3.69715439
71 74         3.45271405
71 194         2.95449293
71 73         1.74872225
71 70         1.57260664
71 72         2.91433163
72 78         3.05379312
72 71         2.91433163
72 75         1.77668851
72 76         1.95425658
72 70         2.82298228
72 80         1.64739183
72 79         1.78869089
72 74          1.8383055
72 73         2.05946767
72 77         2.63125844
73 79         3.82240814
73 76         3.54176677
73 193         2.94579268
73 75          2.8714751
73 80         3.49838988
73 74         1.77985421
73 194         1.59264074
73 72         2.05946767
73 71         1.74872225
73 70         2.80421389
74 99         3.19041391
74 77         3.07147264
74 194         2.16267402
74 76         2.17388032
74 79         3.01979622
74 193         1.42437146
74 72          1.8383055
74 75          1.3164667
74 73         1.77985421
74 191         2.38793584
75 98         2.46950024
75 97         2.39965369
75 79         2.04641238
75 72         1.77668851
75 99         2.08277107
75 193         1.95819752
75 74          1.3164667
75 76        0.894113519
75 77         1.77514662
75 191         1.91206859
76 191         2.34463284
76 74         2.17388032
76 98         1.86917691
76 99         1.85331366
76 78         2.11030844
76 97         1.59272697
76 75        0.894113519
76 79         1.37601353
76 77        0.898706177
76 72         1.95425658
77 95          2.2998239
77 100          2.1941565
77 96         1.66892222
77 78         1.44843508
77 99         1.79409172
77 97        0.766588038
77 98         1.33190018
77 76        0.898706177
77 79         1.34249684
77 75         1.77514662
78 86         2.38613749
78 93         2.11565939
78 96         1.56717971
78 81         1.82397485
78 76         2.11030844
78 95         1.40438334
78 77         1.44843508
78 94         1.25395346
78 79           1.265214
78 97         1.60999972
79 96         2.52642016
79 94         2.23928605
79 81         2.06037631
79 72         1.78869089
79 75         2.04641238
79 97          1.9992929
79 80         1.51595022
79 76         1.37601353
79 78           1.265214
79 77         1.34249684
80 83         2.99537417
80 77         2.85267824
80 72         1.64739183
80 76         2.66381716
80 70          2.8244595
80 82         1.59641548
80 79         1.51595022
80 81         1.81806313
80 78          2.4104705
80 94          2.7638406
81 95         2.69021712
81 83          2.5601081
81 78         1.82397485
81 84         1.90096366
81 85          2.1899504
81 80         1.81806313
81 82         1.20057912
81 86         1.79371326
81 94         1.26779415
81 79         2.06037631
82 78         2.87222991
82 86         2.77396226
82 79         2.64346519
82 94         2.46497047
82 85         2.67048565
82 84         1.74973932
82 83         1.55360281
82 81         1.20057912
82 80         1.59641548
82 68         2.48591783
83 94         3.70649886
83 41         3.01086295
83 86         3.59463061
83 66         2.92333695
83 80         2.99537417
83 84         1.62479447
83 68         1.89344121
83 81          2.5601081
83 82         1.55360281
83 85         2.90735465
84 66         3.32415005
84 80         3.28195057
84 94         2.61909955
84 86         2.13989787
84 87         2.55937285
84 41         2.04296717
84 83         1.62479447
84 81         1.90096366
84 82         1.74973932
84 85         1.28334287
85 83         2.90735465
85 82         2.67048565
85 84         1.28334287
85 88         2.24005438
85 40         2.63569858
85 86         1.25709951
85 87         1.31540572
85 81          2.1899504
85 41         2.06750823
85 94         2.21138928
86 78         2.38613749
86 89         2.27201452
86 93         1.94562353
86 84         2.13989787
86 95         2.17534877
86 87         1.74186492
86 88         1.42149288
86 94         1.13930954
86 85         1.25709951
86 81         1.79371326
87 94         2.87994207
87 90         2.74614269
87 41         2.43602582
87 86         1.74186492
87 38         2.62568566
87 85         1.31540572
87 39         1.82128967
87 88          1.7106949
87 40         1.63824048
87 84         2.55937285
88 91         2.21222801
88 92         2.20692118
88 87          1.7106949
88 39         1.51885868
88 95         2.19812017
88 90          1.2843896
88 89         1.23214718
88 86         1.42149288
88 93         1.49993885
88 94         2.12916936
89 118         2.19025632
89 111         2.15901333
89 91         1.58746243
89 112         1.92854289
89 117         2.01166224
89 90        0.926073098
89 88         1.23214718
89 92        0.982745989
89 93         0.84176532
89 95         1.63893108
90 112         2.27288092
90 117         1.94808266
90 37         1.85343328
90 39         1.50027233
90 118         1.78914943
90 88          1.2843896
90 89        0.926073098
90 91        0.928653185
90 92         1.44940844
90 93         1.74632409
91 116         2.02318686
91 112         1.99393226
91 37         1.39503456
91 92         1.51514596
91 119          1.6872991
91 118        0.922662295
91 117         1.33511014
91 120         1.36929211
91 90        0.928653185
91 89         1.58746243
92 95         1.92345801
92 118         1.66486272
92 93         1.39193229
92 91         1.51514596
92 114         1.49933245
92 111         1.35076671
92 89        0.982745989
92 117         1.20892136
92 112        0.945958277
92 90         1.44940844
93 78         2.11565939
93 111          2.0724408
93 94         1.73337785
93 90         1.74632409
93 86         1.94562353
93 95        0.815092969
93 96         1.73185002
93 89         0.84176532
93 92         1.39193229
93 88         1.49993885
94 89         2.41997294
94 79         2.23928605
94 96         2.29853931
94 81         1.26779415
94 85         2.21138928
94 78         1.25395346
94 95         1.49661288
94 86         1.13930954
94 93         1.73337785
94 88         2.12916936
95 86         2.17534877
95 100         2.16941605
95 78         1.40438334
95 111         2.07377865
95 97         1.92450739
95 96         1.03651572
95 94         1.49661288
95 92         1.92345801
95 93        0.815092969
95 89         1.63893108
96 94         2.29853931
96 101         2.20507063
96 78         1.56717971
96 77         1.66892222
96 111         1.79009429
96 95         1.03651572
96 97           1.052572
96 98         1.55615297
96 100         1.21992452
96 93         1.73185002
97 176         2.28367536
97 79          1.9992929
97 100         1.43341938
97 99         1.64619939
97 95         1.92450739
97 98        0.812120595
97 78         1.60999972
97 77        0.766588038
97 96           1.052572
97 76         1.59272697
98 177         2.39784544
98 101         2.35231867
98 100         1.19123305
98 176         1.49445703
98 103         1.99408966
98 97        0.812120595
98 99        0.991606363
98 77         1.33190018
98 96         1.55615297
98 76         1.86917691
99 75         2.08277107
99 100         2.04718954
99 97         1.64619939
99 76         1.85331366
99 178         2.00890891
99 191         1.53505677
99 98        0.991606363
99 77         1.79409172
99 176         1.40861626
99 177         1.60294873
100 99         2.04718954
100 110         1.96727029
100 176         1.63036314
100 103         1.35349311
100 104         1.83725867
100 111         1.53430963
100 97         1.43341938
100 96         1.21992452
100 98         1.19123305
100 101         1.23453569
101 175         1.62469102
101 106           1.591709
101 134         1.51525504
101 105        0.987419696
101 109         1.34265009
101 111         1.15276149
101 103         1.07304768
101 110        0.815429583
101 104        0.978071699
101 100         1.23453569
102 171        0.842447206
102 132        0.811172586
102 173        0.686662709
102 172        0.525394341
102 104        0.780827441
102 175        0.577348409
102 135        0.491774822
102 134        0.352305346
102 174        0.500336224
102 133        0.731814464
103 179         1.40938009
103 100         1.35349311
103 176          1.0845919
103 174         1.10766268
103 105         1.29120583
103 175        0.719254275
103 101         1.07304768
103 104         0.71241324
103 134         1.13155166
103 102         1.14961553
104 106         1.06527278
104 174         1.06217817
104 101        0.978071699
104 175        0.783118169
104 135        0.944685605
104 133        0.889175248
104 134        0.562735392
104 105        0.626485876
104 103         0.71241324
104 102        0.780827441
105 109         1.13070938
105 131         1.03847827
105 107        0.846091194
105 110        0.972513165
105 135         1.02748306
105 106        0.609616984
105 134        0.812866107
105 104        0.626485876
105 133        0.777109948
105 101        0.987419696
106 137         1.02328107
106 136        0.915747771
106 134        0.884157767
106 135        0.837736436
106 130        0.673412859
106 131        0.478284287
106 105        0.609616984
106 132        0.758831276
106 133         0.51281251
106 107        0.515152176
107 110         1.22096696
107 128         1.05958387
107 109        0.944888051
107 131        0.850522577
107 133         1.02720799
107 105        0.846091194
107 106        0.515152176
107 130         0.67723253
107 108        0.669099263
107 129        0.846017316
108 115         1.19841189
108 106         1.17433783
108 129          1.1150588
108 110         1.14036704
108 123         1.11191468
108 113        0.921201402
108 128        0.878082867
108 107        0.669099263
108 109        0.625244242
108 124         1.09572674
109 101         1.34265009
109 123         1.33576192
109 106         1.30326191
109 107        0.944888051
109 114         1.30553763
109 113        0.589526078
109 105         1.13070938
109 108        0.625244242
109 110         0.55163902
109 115         1.17842189
110 104         1.39400846
110 112         1.38808582
110 106         1.38983521
110 105        0.972513165
110 107         1.22096696
110 109         0.55163902
110 108         1.14036704
110 113        0.935525641
110 101        0.815429583
110 111         1.11823431
111 117         1.84741173
111 96         1.79009429
111 110         1.11823431
111 100         1.53430963
111 109         1.53690172
111 112         0.93389325
111 113         1.51423467
111 92         1.35076671
111 101         1.15276149
111 114         1.51802628
112 118         1.65047132
112 109         1.48307154
112 113         1.10546228
112 116         1.34022744
112 115         1.41090574
112 92        0.945958277
112 111         0.93389325
112 114        0.695880367
112 117        0.917209816
112 110         1.38808582
113 117         1.45740898
113 124         1.36312725
113 116         1.12914004
113 108        0.921201402
113 112         1.10546228
113 115        0.669774264
113 110        0.935525641
113 114        0.742050865
113 109        0.589526078
113 123        0.987953122
114 118         1.39949874
114 109         1.30553763
114 122         1.24604516
114 119         1.27096522
114 115        0.753068592
114 116        0.678576326
114 123         1.23098695
114 113        0.742050865
114 117        0.715481686
114 112        0.695880367
115 493         1.21355512
115 108         1.19841189
115 122        0.845864647
115 125        0.976376524
115 109         1.17842189
115 116        0.630789441
115 113        0.669774264
115 114        0.753068592
115 123        0.477925236
115 124        0.989017221
116 121          1.2063517
116 118         1.16570791
116 119        0.699598476
116 123        0.971080039
116 113         1.12914004
116 122        0.591470269
116 115        0.630789441
116 114        0.678576326
116 117        0.832859306
116 125         1.09851126
117 113         1.45740898
117 122         1.36735717
117 119          0.9813845
117 92         1.20892136
117 91         1.33511014
117 118        0.746962798
117 116        0.832859306
117 112        0.917209816
117 114        0.715481686
117 115         1.30442422
118 92         1.66486272
118 121         1.65431233
118 112         1.65047132
118 91        0.922662295
118 122         1.45573524
118 116         1.16570791
118 119        0.767326687
118 120        0.894304469
118 117        0.746962798
118 114         1.39949874
119 495         1.33855591
119 125         1.33716139
119 117          0.9813845
119 121        0.914772759
119 115         1.29991518
119 122        0.726301585
119 116        0.699598476
119 118        0.767326687
119 114         1.27096522
119 120         1.02459733
120 122         1.68555395
120 497         1.63598606
120 117         1.60713156
120 91         1.36929211
120 495         1.32858034
120 37         1.49480737
120 121         1.50130918
120 119         1.02459733
120 496         0.85637646
120 118        0.894304469
121 496         1.37452171
121 492         1.35050837
121 116          1.2063517
121 125        0.877489679
121 119        0.914772759
121 122        0.674513466
121 126        0.758215425
121 495        0.779756101
121 493        0.722670791
121 494        0.897108891
122 124         1.25824521
122 114         1.24604516
122 115        0.845864647
122 123        0.875849554
122 126         1.04947115
122 493        0.694556403
122 121        0.674513466
122 116        0.591470269
122 125        0.619856181
122 119        0.726301585
123 114         1.23098695
123 108         1.11191468
123 116        0.971080039
123 113        0.987953122
123 127          1.1040367
123 122        0.875849554
123 115        0.477925236
123 124        0.521973489
123 125        0.671216875
123 493        0.927647883
124 381          1.2831225
124 122         1.25824521
124 115        0.989017221
124 108         1.09572674
124 382         1.18822069
124 123        0.521973489
124 125        0.787950078
124 493        0.993156553
124 128        0.963250668
124 127        0.691980562
125 116         1.09851126
125 491         1.06282546
125 115        0.976376524
125 123        0.671216875
125 127        0.882701719
125 124        0.787950078
125 126        0.690302927
125 493        0.256470888
125 122        0.619856181
125 121        0.877489679
126 489         1.10262821
126 490         1.08653274
126 122         1.04947115
126 121        0.758215425
126 127         1.00998497
126 494        0.941834892
126 492         0.92477109
126 125        0.690302927
126 493         0.44058922
126 491        0.630177661
127 381         1.14724581
127 123          1.1040367
127 377         1.12786103
127 490        0.956464164
127 126         1.00998497
127 382        0.786088881
127 491        0.752760629
127 493        0.916339721
127 125        0.882701719
127 124        0.691980562
128 138         1.18837281
128 382         1.13003352
128 107         1.05958387
128 140        0.989587007
128 130         1.06777387
128 141        0.707664264
128 129        0.657819081
128 108        0.878082867
128 381        0.803659708
128 124        0.963250668
129 142         1.06984038
129 131        0.985965786
129 128        0.657819081
129 139        0.961191476
129 137        0.871523338
129 140         0.63026073
129 138        0.567361291
129 107        0.846017316
129 130         0.47052584
129 141        0.745811229
130 169        0.961508823
130 132         0.95129282
130 136        0.898264882
130 107         0.67723253
130 140        0.946624142
130 129         0.47052584
130 137        0.576533529
130 131        0.515801174
130 138        0.574851128
130 106        0.673412859
131 170        0.887384328
131 107        0.850522577
131 130        0.515801174
131 135        0.695058198
131 169         0.73532239
131 106        0.478284287
131 136        0.479598899
131 132         0.44452663
131 133        0.480523785
131 137        0.586003586
132 106        0.758831276
132 169        0.681963627
132 134        0.690766422
132 135        0.324886183
132 171        0.666883172
132 131         0.44452663
132 172        0.448179043
132 136        0.282230287
132 133        0.362318632
132 170        0.579895504
133 104        0.889175248
133 105        0.777109948
133 106         0.51281251
133 136        0.624945959
133 102        0.731814464
133 131        0.480523785
133 134        0.467695066
133 135        0.325591398
133 132        0.362318632
133 172        0.628431964
134 106        0.884157767
134 174        0.825897685
134 175        0.769104705
134 132        0.690766422
134 105        0.812866107
134 172        0.624455985
134 135        0.392855866
134 104        0.562735392
134 133        0.467695066
134 102        0.352305346
135 106        0.837736436
135 170        0.763542756
135 131        0.695058198
135 136        0.589573795
135 171        0.672272705
135 133        0.325591398
135 134        0.392855866
135 132        0.324886183
135 172        0.316463285
135 102        0.491774822
136 167        0.716269024
136 171        0.655520738
136 172        0.596844299
136 135        0.589573795
136 133        0.624945959
136 131        0.479598899
136 170        0.407847863
136 132        0.282230287
136 169        0.399775018
136 137        0.588691751
137 167        0.839917886
137 139        0.823260448
137 131        0.586003586
137 136        0.588691751
137 132        0.803057519
137 158         0.53776735
137 169        0.434432392
137 130        0.576533529
137 138        0.463196805
137 162        0.768423577
138 151        0.914369521
138 131        0.905062712
138 159        0.898714642
138 158        0.607984415
138 169        0.867633894
138 129        0.567361291
138 139        0.502088365
138 130        0.574851128
138 140        0.522318609
138 137        0.463196805
139 137        0.823260448
139 142        0.712545338
139 160        0.651188267
139 159         0.55234867
139 150        0.588819101
139 151        0.413383942
139 158        0.550863081
139 138        0.502088365
139 140        0.491898616
139 149        0.538450029
140 148        0.934421778
140 144        0.853158298
140 149        0.607331849
140 150        0.795653248
140 151        0.793679917
140 139        0.491898616
140 141        0.485307087
140 129         0.63026073
140 142        0.480636493
140 138        0.522318609
141 380        0.989275558
141 139        0.962142099
141 129        0.745811229
141 144        0.830951686
141 138        0.949591377
141 140        0.485307087
141 381        0.480530669
141 142        0.523551758
141 128        0.707664264
141 149        0.854588828
142 147        0.814891093
142 151        0.759043439
142 143        0.745961838
142 144        0.376884111
142 139        0.712545338
142 140        0.480636493
142 141        0.523551758
142 149        0.362990934
142 148        0.562845366
142 150        0.582393464
143 146        0.769958262
143 380        0.748956325
143 372        0.745233433
143 142        0.745961838
143 148         0.71572723
143 145        0.440057761
143 407        0.596322481
143 373        0.743333928
143 144        0.426032592
143 379        0.461332436
144 141        0.830951686
144 379        0.814472192
144 145        0.512136852
144 146        0.673208196
144 147        0.698294244
144 149        0.462489629
144 143        0.426032592
144 148        0.374878582
144 142        0.376884111
144 150        0.587247512
145 150        0.831028102
145 373        0.828780308
145 148         0.53023113
145 147        0.749392953
145 153         0.79303128
145 143        0.440057761
145 370        0.656646539
145 144        0.512136852
145 146        0.350892626
145 372        0.686559911
146 149        0.801412059
146 143        0.769958262
146 150        0.701079984
146 144        0.673208196
146 152        0.749756569
146 370        0.558168209
146 153        0.442168948
146 147        0.513712851
146 145        0.350892626
146 148        0.459670856
147 144        0.698294244
147 157         0.68754261
147 160        0.560597114
147 153        0.496458702
147 146        0.513712851
147 149        0.484828683
147 152        0.305057892
147 150        0.280859751
147 151        0.458558015
147 148        0.324682574
148 153        0.693536001
148 152        0.625931699
148 149        0.343273488
148 142        0.562845366
148 151        0.596212378
148 150        0.301975525
148 147        0.324682574
148 146        0.459670856
148 144        0.374878582
148 145         0.53023113
149 160         0.72989451
149 152        0.697548508
149 140        0.607331849
149 144        0.462489629
149 139        0.538450029
149 147        0.484828683
149 142        0.362990934
149 150        0.223715678
149 148        0.343273488
149 151        0.419253301
150 146        0.701079984
150 139        0.588819101
150 148        0.301975525
150 144        0.587247512
150 142        0.582393464
150 147        0.280859751
150 149        0.223715678
150 152        0.474482012
150 151        0.295339581
150 160        0.553233519
151 142        0.759043439
151 157        0.650787811
151 152        0.454212955
151 160         0.32610819
151 148        0.596212378
151 149        0.419253301
151 139        0.413383942
151 150        0.295339581
151 147        0.458558015
151 159        0.480212288
152 149        0.697548508
152 154        0.671052742
152 153        0.530830118
152 155        0.458919529
152 148        0.625931699
152 157        0.383822402
152 160        0.352471346
152 151        0.454212955
152 147        0.305057892
152 150        0.474482012
153 145         0.79303128
153 150        0.775944666
153 155        0.650878937
153 365        0.592098696
153 370        0.709069784
153 147        0.496458702
153 152        0.530830118
153 146        0.442168948
153 154        0.488511073
153 148        0.693536001
154 146        0.930433109
154 366        0.863905897
154 157         0.67743841
154 365        0.533331236
154 147        0.837912256
154 152        0.671052742
154 156        0.603614038
154 153        0.488511073
154 155        0.401139361
154 258        0.735464797
155 159        0.888872656
155 151        0.858652255
155 156        0.476811621
155 161        0.638950734
155 147        0.736544393
155 152        0.458919529
155 157        0.287761273
155 160        0.600931676
155 154        0.401139361
155 153        0.650878937
156 160        0.998432544
156 357        0.914131799
156 152        0.932991114
156 161        0.705488667
156 260        0.778210118
156 258        0.795584055
156 157        0.652151146
