0 49 columbus POLYID
1 8         1.02148643
1 4        0.748006893
1 3        0.579685619
1 2        0.598718256
2 3        0.711877393
2 8        0.649996809
2 4          0.3397537
2 1        0.598718256
3 8        0.663328103
3 1        0.579685619
3 5        0.523370177
3 4        0.560956411
4 3        0.560956411
4 7        0.542639226
4 8        0.316369063
4 2          0.3397537
5 15        0.555852615
5 3        0.523370177
5 8        0.522411968
5 11        0.463056862
6 3        0.805341086
6 10        0.784814966
6 9        0.542987843
6 5        0.753339538
7 4        0.542639226
7 14        0.465703562
7 8        0.392575479
7 13        0.377999982
8 12        0.452096498
8 13        0.432370157
8 4        0.316369063
8 7        0.392575479
9 15        0.687416123
9 26        0.651215782
9 22        0.480581475
9 6        0.542987843
10 23        0.773030235
10 20        0.765451808
10 17        0.389782556
10 9        0.737964769
11 15         0.38619791
11 16         0.35307825
11 12        0.127627587
11 13        0.320909677
12 16        0.344157518
12 14        0.267671211
12 11        0.127627587
12 13        0.200432049
13 19        0.331428933
13 11        0.320909677
13 14        0.143947579
13 12        0.200432049
14 18        0.373451383
14 12        0.267671211
14 13        0.143947579
14 19        0.197966128
15 26         0.42946293
15 11         0.38619791
15 25        0.362741435
15 16        0.337527751
16 19        0.345751449
16 15        0.337527751
16 12        0.344157518
16 18        0.186885605
17 32        0.836768707
17 20        0.516546975
17 23        0.383468707
17 10        0.389782556
18 14        0.373451383
18 24        0.237046082
18 16        0.186885605
18 19        0.213425989
19 16        0.345751449
19 18        0.213425989
19 13        0.331428933
19 14        0.197966128
20 33        0.526396207
20 17        0.516546975
20 27        0.466074705
20 23        0.482048128
21 18        0.788765409
21 19        0.744698074
21 34        0.682938796
21 24        0.618864158
22 33        0.555165224
22 9        0.480581475
22 27        0.323572836
22 26         0.40727945
23 10        0.773030235
23 20        0.482048128
23 17        0.383468707
23 32        0.456588028
24 30        0.464408856
24 16        0.388523409
24 18        0.237046082
24 19        0.365160612
25 29        0.388471467
25 16        0.375416293
25 15        0.362741435
25 26        0.313937595
26 28        0.438527418
26 15         0.42946293
26 22         0.40727945
26 25        0.313937595
27 20        0.466074705
27 35        0.462293079
27 22        0.323572836
27 33        0.231773633
28 35         0.46740552
28 26        0.438527418
28 38        0.329755735
28 29        0.320525153
29 25        0.388471467
29 37        0.369552263
29 28        0.320525153
29 30        0.294381549
30 25        0.507637539
30 24        0.464408856
30 29        0.294381549
30 37        0.380961589
31 46        0.838424809
31 42        0.655851131
31 34         0.53040886
31 36        0.324129309
32 20        0.706180191
32 23        0.456588028
32 40        0.432811034
32 41         0.41156499
33 20        0.526396207
33 28        0.489012109
33 27        0.231773633
33 35        0.257578045
34 21        0.682938796
34 36        0.610620905
34 31         0.53040886
34 42        0.404443887
35 27        0.462293079
35 44        0.302653756
35 38        0.458888367
35 33        0.257578045
36 39        0.557402207
36 46        0.515394575
36 31        0.324129309
36 42        0.510092652
37 30        0.380961589
37 29        0.369552263
37 38         0.29962306
37 43        0.360840525
38 29        0.407191764
38 28        0.329755735
38 43        0.227098904
38 37         0.29962306
39 42        0.894539411
39 31        0.843442875
39 36        0.557402207
39 46        0.272339535
40 23        0.804514596
40 47        0.665774044
40 32        0.432811034
40 41         0.46194129
41 23        0.859949444
41 47        0.469571353
41 40         0.46194129
41 32         0.41156499
42 46         0.69088102
42 31        0.655851131
42 34        0.404443887
42 36        0.510092652
43 45        0.416102391
43 37        0.360840525
43 38        0.227098904
43 48        0.254316854
44 48        0.442794896
44 49        0.404797251
44 43        0.429606237
44 35        0.302653756
45 38        0.592821523
45 43        0.416102391
45 37         0.48167571
45 48        0.343170295
46 31        0.838424809
46 42         0.69088102
46 39        0.272339535
46 36        0.515394575
47 23          1.3084345
47 32        0.851846631
47 40        0.665774044
47 41        0.469571353
48 44        0.442794896
48 45        0.343170295
48 43        0.254316854
48 49        0.292134661
49 45         0.59696281
49 43        0.501742931
49 44        0.404797251
49 48        0.292134661
