0 184 Helsinki_Area ID
1 2          4320.8255
1 3         4059.41416
1 4         3356.89209
1 18         3848.56974
2 6         6710.13935
2 1          4320.8255
2 4         2253.54185
2 3         2063.61373
3 13         4658.20117
3 1         4059.41416
3 4         3720.02306
3 2         2063.61373
4 18         5914.76403
4 3         3720.02306
4 1         3356.89209
4 2         2253.54185
5 6         4566.21929
5 10         4415.59986
5 12         3206.53851
5 13         2189.53868
6 5         4566.21929
6 22         4464.31243
6 13         2499.31281
6 21         3131.95129
7 20         2657.96229
7 17         2412.60894
7 8         1746.15238
7 9         2383.44209
8 17         3238.99411
8 9         2628.14566
8 7         1746.15238
8 14         2055.88126
9 14         4558.41141
9 20         4429.99568
9 7         2383.44209
9 8         2628.14566
10 13         6594.57371
10 12         6017.49402
10 5         4415.59986
10 11         2910.94505
11 13         7040.23792
11 12         4851.86718
11 5         5034.49407
11 10         2910.94505
12 11         4851.86718
12 6         4580.22753
12 5         3206.53851
12 13         3680.96833
13 3         4658.20117
13 12         3680.96833
13 5         2189.53868
13 6         2499.31281
14 15         2392.13794
14 17         2266.43847
14 8         2055.88126
14 16         2194.57077
15 25          2913.4728
15 16         1786.62032
15 14         2392.13794
15 17         1525.80251
16 8         4250.38073
16 17         2977.18921
16 14         2194.57077
16 15         1786.62032
17 20           2493.316
17 14         2266.43847
17 7         2412.60894
17 15         1525.80251
18 21         5891.14463
18 19         5113.31704
18 23         3602.95715
18 1         3848.56974
19 20         3302.12985
19 26         3135.00686
19 29         2009.29554
19 27         1464.40171
20 17           2493.316
20 25         2465.61243
20 26         1838.98881
20 27         1936.73739
21 32         4099.68047
21 44         3856.13203
21 6         3131.95129
21 22         1395.93394
22 42          3306.7643
22 44         2599.16766
22 32         2785.54816
22 21         1395.93394
23 32         3634.83646
23 19         3611.40625
23 35         3071.34591
23 18         3602.95715
24 82         5939.54325
24 31         4581.23625
24 63          3904.2742
24 33         2530.27692
25 30         2515.67086
25 17         2509.81046
25 26         2452.79993
25 20         2465.61243
26 29         1919.50792
26 37         1917.57618
26 20         1838.98881
26 27         1787.83308
27 20         1936.73739
27 26         1787.83308
27 29         1629.31515
27 19         1464.40171
28 64         3865.08346
28 75         3362.78873
28 40         2738.30298
28 31         2561.50473
29 37         1997.06047
29 26         1919.50792
29 27         1629.31515
29 36         1814.50907
30 37         3242.01639
30 38         2746.70445
30 25         2515.67086
30 39         2707.93072
31 40         5028.59998
31 82         4778.55241
31 28         2561.50473
31 24         4581.23625
32 22         2785.54816
32 44         2529.96787
32 43         2385.87446
32 42         2037.41396
33 82         8136.88313
33 31         7041.68564
33 63         2747.15291
33 24         2530.27692
34 40         3000.78891
34 53         2739.22057
34 51         2452.02128
34 41         1786.21517
35 43         3061.05219
35 52           3016.545
35 48         1651.53187
35 49          2266.6138
36 49         2728.35699
36 37           2273.291
36 29         1814.50907
36 50         1738.88774
37 36           2273.291
37 29         1997.06047
37 38         1327.32212
37 26         1917.57618
38 50         2907.48291
38 30         2746.70445
38 37         1327.32212
38 54         2374.73609
39 38         3757.14681
39 45         3382.70504
39 30         2707.93072
39 59         2896.61755
40 64         3126.61252
40 34         3000.78891
40 51         2889.46116
40 28         2738.30298
41 44         2167.59491
41 34         1786.21517
41 47         1858.03434
41 53          1529.5444
42 32         2037.41396
42 57         2008.51612
42 44         1160.46156
42 47         1384.92963
43 48         2499.39541
43 42          2488.9884
43 32         2385.87446
43 52         2396.08861
44 32         2529.96787
44 41         2167.59491
44 47         942.306692
44 42         1160.46156
45 86         4825.06811
45 46         4125.51344
45 39         3382.70504
45 61         2417.57408
46 30         7210.75997
46 45         4125.51344
46 39         5935.97274
46 61         2243.08626
47 41         1858.03434
47 56         1764.50507
47 44         942.306692
47 42         1384.92963
48 65         2409.98202
48 49         1852.76391
48 52          1401.9487
48 35         1651.53187
49 50         2019.89959
49 65         2002.66991
49 48         1852.76391
49 58         1881.32259
50 49         2019.89959
50 54         1958.32422
50 58         1656.69693
50 36         1738.88774
51 64         2248.24888
51 67         1808.94951
51 62         1122.44422
51 53         1699.47384
52 65         2178.26482
52 73          2103.2635
52 48          1401.9487
52 68         1701.01222
53 51         1699.47384
53 62         1545.07441
53 41          1529.5444
53 55         1011.17196
54 38         2374.73609
54 58         2196.57379
54 66          1487.9756
54 50         1958.32422
55 67          1948.9504
55 62         1536.56447
55 56         1300.31764
55 53         1011.17196
56 72         1786.96577
56 47         1764.50507
56 55         1300.31764
56 57         1440.63837
57 72         2102.96692
57 42         2008.51612
57 56         1440.63837
57 60         1806.12562
58 54         2196.57379
58 69         1933.16442
58 50         1656.69693
58 49         1881.32259
59 39         2896.61755
59 54         2485.45845
59 74         1611.00381
59 66         2071.33604
60 80         2172.68035
60 57         1806.12562
60 68         1605.03413
60 70         1576.55947
61 86         7105.80628
61 39         5286.31857
61 46         2243.08626
61 45         2417.57408
62 53         1545.07441
62 55         1536.56447
62 67         820.272191
62 51         1122.44422
63 82         7664.81958
63 87         6948.87787
63 33         2747.15291
63 24          3904.2742
64 51         2248.24888
64 67         1987.19739
64 75         1706.23934
64 79          1967.3921
65 52         2178.26482
65 49         2002.66991
65 78         1497.01821
65 73         1974.72836
66 69         2487.09717
66 81         2193.70109
66 54          1487.9756
66 59         2071.33604
67 55          1948.9504
67 51         1808.94951
67 62         820.272191
67 76         1695.47185
68 73         1926.79873
68 52         1701.01222
68 80         1408.06428
68 60         1605.03413
69 94         2484.78764
69 78         2231.17472
69 58         1933.16442
69 85         2080.28964
70 71         1875.92431
70 60         1576.55947
70 92         1382.70123
70 72         1337.01354
71 95         1943.50217
71 70         1875.92431
71 72         1131.93341
71 77         983.025646
72 77          1862.9973
72 56         1786.96577
72 71         1131.93341
72 70         1337.01354
73 68         1926.79873
73 80          1732.1368
73 84         1468.68996
73 78         1596.45751
74 66         2513.94552
74 81         2176.89493
74 59         1611.00381
74 86          1731.2427
75 96         2987.75966
75 79         2082.55103
75 83         1411.58188
75 64         1706.23934
76 79         1947.73697
76 67         1695.47185
76 77         1151.95677
76 91         1501.23269
77 91         1901.02159
77 76         1151.95677
77 72          1862.9973
77 71         983.025646
78 84         1816.26043
78 73         1596.45751
78 85         1479.14482
78 65         1497.01821
79 64          1967.3921
79 83         1965.66195
79 96         1533.49575
79 76         1947.73697
80 84         2072.86649
80 73          1732.1368
80 88         1195.92144
80 68         1408.06428
81 100         2464.98696
81 66         2193.70109
81 74         2176.89493
81 98         1843.57874
82 31         4778.55241
82 111          4148.8061
82 105         2518.99889
82 90         3828.82011
83 99          2044.1334
83 79         1965.66195
83 96         2033.79032
83 75         1411.58188
84 78         1816.26043
84 107         1575.15529
84 89         1003.47952
84 73         1468.68996
85 69         2080.28964
85 94          1589.7933
85 78         1479.14482
85 89         1574.02745
86 81         2781.75696
86 74          1731.2427
86 101         1695.37328
86 100         1646.42275
87 172          6293.0882
87 82         5983.45782
87 132         962.237446
87 90         2549.93056
88 117         1853.33311
88 93         1504.23974
88 80         1195.92144
88 97         1106.50338
89 103          1739.9242
89 85         1574.02745
89 107         1215.50822
89 84         1003.47952
90 105         3873.36835
90 82         3828.82011
90 132           2248.801
90 87         2549.93056
91 95         1972.48879
91 77         1901.02159
91 108         1432.79762
91 76         1501.23269
92 95         1737.88569
92 106         1601.35228
92 70         1382.70123
92 93         1166.15583
93 117         1792.71133
93 88         1504.23974
93 102         1171.62036
93 92         1166.15583
94 69         2484.78764
94 98         2106.98306
94 85          1589.7933
94 113          1766.9052
95 71         1943.50217
95 92         1737.88569
95 109         757.420838
95 106         1303.78244
96 91         2429.56882
96 83         2033.79032
96 112         1334.37046
96 79         1533.49575
97 107         1653.10718
97 110         1369.53443
97 88         1106.50338
97 117         1164.99967
98 113         2116.51595
98 94         2106.98306
98 114         1245.20058
98 81         1843.57874
99 112         2812.57402
99 111         2580.64511
99 83          2044.1334
99 115         1867.89879
100 101         1929.23077
100 114         1838.45222
100 121         1303.56893
100 86         1646.42275
101 127         2545.27471
101 100         1929.23077
101 104         1529.75752
101 86         1695.37328
102 117         1350.54326
102 106         1299.49479
102 120         928.511439
102 93         1171.62036
103 133         2007.38901
103 110         1800.44396
103 107          1228.5268
103 89          1739.9242
104 100         2728.73804
104 121         2646.54865
104 101         1529.75752
104 127         1190.65076
105 140         3712.27068
105 143          2701.2431
105 82         2518.99889
105 111         2004.56921
106 95         1303.78244
106 102         1299.49479
106 109         866.220036
106 119         1047.77408
107 84         1575.15529
107 103          1228.5268
107 89         1215.50822
107 110         1176.70793
108 95         2414.83913
108 109         2356.64907
108 116         1304.66865
108 91         1432.79762
109 92         2025.36674
109 119         1208.11618
109 95         757.420838
109 106         866.220036
110 118         1566.20052
110 129         1519.43036
110 97         1369.53443
110 107         1176.70793
111 99         2580.64511
111 140         2502.92107
111 105         2004.56921
111 115         2340.69283
112 83         2547.49091
112 116         2199.12973
112 96         1334.37046
112 125         1634.37153
113 135         1962.45405
113 130         1723.18054
113 94          1766.9052
113 122          1015.0374
114 100         1838.45222
114 98         1245.20058
114 123          1026.6582
114 121         1210.25885
115 145          2486.6149
115 125         2445.55311
115 99         1867.89879
115 111         2340.69283
116 112         2199.12973
116 131         1507.55175
116 125         2145.96988
116 108         1304.66865
117 102         1350.54326
117 97         1164.99967
117 118         1084.69628
117 120         803.505051
118 129         1115.13857
118 120         1104.96702
118 126         1014.25852
118 117         1084.69628
119 124         1410.57755
119 109         1208.11618
119 106         1047.77408
119 128         1099.48452
120 118         1104.96702
120 126         980.533847
120 117         803.505051
120 102         928.511439
121 98         2348.23402
121 100         1303.56893
121 114         1210.25885
121 123         1293.42762
122 135         1737.66421
122 142         1656.61157
122 130         708.355977
122 113          1015.0374
123 122         1808.72695
123 130         1399.92242
123 114          1026.6582
123 121         1293.42762
124 128         1181.60886
124 136         1158.15664
124 126           784.5056
124 120         1146.36039
125 116         2145.96988
125 137         1907.70063
125 131         1617.68756
125 112         1634.37153
126 118         1014.25852
126 120         980.533847
126 124           784.5056
126 136         838.614953
127 100         3919.00905
127 121         3727.39071
127 101         2545.27471
127 104         1190.65076
128 126         1838.61807
128 136         1671.86859
128 119         1099.48452
128 124         1181.60886
129 110         1519.43036
129 133         1172.43776
129 118         1115.13857
129 139         964.802267
130 113         1723.18054
130 123         1399.92242
130 122         708.355977
130 142         1030.23035
131 157          1735.0242
131 125         1617.68756
131 149         1474.70605
131 116         1507.55175
132 155         5951.73639
132 172         5344.69855
132 87         962.237446
132 90           2248.801
133 129         1172.43776
133 147         1147.74151
133 134         967.547558
133 139         975.295739
134 139         1579.76389
134 152         1114.88515
134 147         1080.37519
134 133         967.547558
135 142         1947.30984
135 130         1892.41622
135 148         1408.22243
135 122         1737.66421
136 124         1158.15664
136 138         852.629566
136 126         838.614953
136 144         641.471483
137 163         2270.34071
137 157         2195.36435
137 145         1595.79646
137 125         1907.70063
138 126         1542.60507
138 153         1153.96175
138 144         343.181065
138 136         852.629566
139 151         1081.37671
139 133         975.295739
139 147         879.148764
139 129         964.802267
140 145         2073.16659
140 159         2006.25316
140 156         968.609272
140 143         1751.30787
141 131         1965.64666
141 149          1576.3265
141 146         1438.77041
141 150         849.558567
142 123          1901.1525
142 154         1753.80104
142 122         1656.61157
142 130         1030.23035
143 111         2605.42537
143 167         2478.54576
143 140         1751.30787
143 155         1857.20699
144 126         1438.95499
144 153         1416.22973
144 138         343.181065
144 136         641.471483
145 140         2073.16659
145 137         1595.79646
145 156         1105.20685
145 159         1056.84425
146 128         2465.76912
146 165         2358.22502
146 141         1438.77041
146 150         1900.41822
147 134         1080.37519
147 139         879.148764
147 152         870.353397
147 151         875.034434
148 134         1978.88228
148 152         1851.29356
148 135         1408.22243
148 161         1825.00472
149 131         1474.70605
149 164         1433.54617
149 157         787.909482
149 150         834.900789
150 131         1827.72871
150 157         1606.48122
150 149         834.900789
150 141         849.558567
151 152          1413.2599
151 139         1081.37671
151 160         957.146991
151 147         875.034434
152 160         1616.17237
152 151          1413.2599
152 147         870.353397
152 134         1114.88515
153 151         1435.71804
153 144         1416.22973
153 158         896.637293
153 138         1153.96175
154 171         1988.56735
154 161         1703.28271
154 142         1753.80104
154 166         1288.00151
155 167         1983.33497
155 175         1864.17387
155 172         1966.82581
155 143         1857.20699
156 162         2013.00455
156 159         1243.28204
156 140         968.609272
156 145         1105.20685
157 150         1606.48122
157 163         1594.61695
157 149         787.909482
157 164         1114.81635
158 160         1364.02271
158 169         1336.14943
158 153         896.637293
158 173         1129.40073
159 140         2006.25316
159 156         1243.28204
159 162         1255.91379
159 145         1056.84425
160 158         1364.02271
160 170         1131.94664
160 174          1014.2672
160 151         957.146991
161 135         2500.83822
161 148         1825.00472
161 166         1240.56626
161 154         1703.28271
162 156         2013.00455
162 167         1762.58696
162 159         1255.91379
162 180         1389.27468
163 137         2270.34071
163 168          1939.9955
163 164          1286.1745
163 157         1594.61695
164 150         1921.23162
164 149         1433.54617
164 163          1286.1745
164 157         1114.81635
165 176         2592.04113
165 169         2429.92409
165 146         2358.22502
165 181         1241.29983
166 182         2330.94186
166 171          1909.2889
166 161         1240.56626
166 154         1288.00151
167 155         1983.33497
167 180         1884.15756
167 162         1762.58696
167 175         1819.39115
168 162         3320.38013
168 159         3247.86045
168 163          1939.9955
168 164         2922.87806
169 173          1342.6755
169 158         1336.14943
169 176         741.398329
169 178         1255.56866
170 173         1734.91865
170 177         1336.56552
170 174         1110.37106
170 160         1131.94664
171 161         3098.26144
171 154         1988.56735
171 182         2551.85063
171 166          1909.2889
172 143         3757.29592
172 167         3440.36412
172 155         1966.82581
172 175         2054.48524
173 158         1129.40073
173 177         998.827955
173 178         910.837405
173 174         624.624755
174 170         1110.37106
174 160          1014.2672
174 173         624.624755
174 177         759.035022
175 180         2753.29301
175 172         2054.48524
175 155         1864.17387
175 167         1819.39115
176 158         1914.87223
176 173         1444.97268
176 169         741.398329
176 178         855.362208
177 170         1336.56552
177 178         1173.52241
177 174         759.035022
177 173         998.827955
178 169         1255.56866
178 177         1173.52241
178 176         855.362208
178 173         910.837405
179 167         4395.76591
179 175         3564.09626
179 180         3322.54956
179 184         1598.31973
180 175         2753.29301
180 159         2614.58175
180 162         1389.27468
180 167         1884.15756
181 178         2846.00047
181 169         2245.31938
181 165         1241.29983
181 176         2029.32929
182 154         3485.05778
182 161         3245.67941
182 171         2551.85063
182 166         2330.94186
183 178         3282.76663
183 174         3155.78494
183 177         2482.08148
183 170         2872.04874
184 162         5661.86333
184 175         5123.28488
184 180         4305.82674
184 179         1598.31973
