0 184 Helsinki_Area ID
1 21         4678.67027
1 18         3848.56974
1 2          4320.8255
1 4         3356.89209
1 3         4059.41416
2 13         6721.30688
2 1          4320.8255
2 6         6710.13935
2 3         2063.61373
2 4         2253.54185
3 6         4868.20947
3 13         4658.20117
3 4         3720.02306
3 1         4059.41416
3 2         2063.61373
4 6         7314.15848
4 1         3356.89209
4 18         5914.76403
4 2         2253.54185
4 3         3720.02306
5 11         5034.49407
5 6         4566.21929
5 13         2189.53868
5 12         3206.53851
5 10         4415.59986
6 12         4580.22753
6 22         4464.31243
6 5         4566.21929
6 13         2499.31281
6 21         3131.95129
7 14         2719.56258
7 9         2383.44209
7 20         2657.96229
7 8         1746.15238
7 17         2412.60894
8 15         4112.43748
8 9         2628.14566
8 17         3238.99411
8 7         1746.15238
8 14         2055.88126
9 17         4795.60997
9 20         4429.99568
9 14         4558.41141
9 8         2628.14566
9 7         2383.44209
10 6         8964.28776
10 13         6594.57371
10 5         4415.59986
10 12         6017.49402
10 11         2910.94505
11 31         7476.08872
11 12         4851.86718
11 13         7040.23792
11 10         2910.94505
11 5         5034.49407
12 40         5153.87325
12 6         4580.22753
12 11         4851.86718
12 13         3680.96833
12 5         3206.53851
13 21          5620.2191
13 12         3680.96833
13 3         4658.20117
13 6         2499.31281
13 5         2189.53868
14 7         2719.56258
14 17         2266.43847
14 15         2392.13794
14 8         2055.88126
14 16         2194.57077
15 7         3779.04136
15 14         2392.13794
15 25          2913.4728
15 17         1525.80251
15 16         1786.62032
16 7          4631.6697
16 8         4250.38073
16 17         2977.18921
16 15         1786.62032
16 14         2194.57077
17 25         2509.81046
17 20           2493.316
17 14         2266.43847
17 7         2412.60894
17 15         1525.80251
18 4         5914.76403
18 1         3848.56974
18 21         5891.14463
18 23         3602.95715
18 19         5113.31704
19 36         3353.94083
19 20         3302.12985
19 26         3135.00686
19 27         1464.40171
19 29         2009.29554
20 7         2657.96229
20 27         1936.73739
20 17           2493.316
20 26         1838.98881
20 25         2465.61243
21 41         4450.19835
21 6         3131.95129
21 32         4099.68047
21 22         1395.93394
21 44         3856.13203
22 47         3500.84547
22 32         2785.54816
22 42          3306.7643
22 44         2599.16766
22 21         1395.93394
23 43         4505.57899
23 18         3602.95715
23 32         3634.83646
23 35         3071.34591
23 19         3611.40625
24 28         7139.79963
24 63          3904.2742
24 82         5939.54325
24 33         2530.27692
24 31         4581.23625
25 15          2913.4728
25 20         2465.61243
25 30         2515.67086
25 26         2452.79993
25 17         2509.81046
26 25         2452.79993
26 29         1919.50792
26 37         1917.57618
26 27         1787.83308
26 20         1838.98881
27 37         3121.02814
27 20         1936.73739
27 26         1787.83308
27 29         1629.31515
27 19         1464.40171
28 83         4530.84721
28 40         2738.30298
28 64         3865.08346
28 31         2561.50473
28 75         3362.78873
29 19         2009.29554
29 26         1919.50792
29 37         1997.06047
29 27         1629.31515
29 36         1814.50907
30 26         3495.77197
30 38         2746.70445
30 37         3242.01639
30 25         2515.67086
30 39         2707.93072
31 75         5527.94301
31 40         5028.59998
31 82         4778.55241
31 28         2561.50473
31 24         4581.23625
32 47         3255.04699
32 43         2385.87446
32 22         2785.54816
32 42         2037.41396
32 44         2529.96787
33 11         8294.85445
33 63         2747.15291
33 82         8136.88313
33 24         2530.27692
33 31         7041.68564
34 62         3414.73163
34 51         2452.02128
34 40         3000.78891
34 41         1786.21517
34 53         2739.22057
35 23         3071.34591
35 43         3061.05219
35 52           3016.545
35 48         1651.53187
35 49          2266.6138
36 38         3062.87229
36 37           2273.291
36 49         2728.35699
36 29         1814.50907
36 50         1738.88774
37 50         2899.28016
37 29         1997.06047
37 36           2273.291
37 26         1917.57618
37 38         1327.32212
38 26         3032.54366
38 54         2374.73609
38 50         2907.48291
38 37         1327.32212
38 30         2746.70445
39 74         3935.44613
39 59         2896.61755
39 38         3757.14681
39 30         2707.93072
39 45         3382.70504
40 62            3897.33
40 34         3000.78891
40 64         3126.61252
40 51         2889.46116
40 28         2738.30298
41 55         2458.30338
41 44         2167.59491
41 47         1858.03434
41 53          1529.5444
41 34         1786.21517
42 43          2488.9884
42 32         2037.41396
42 57         2008.51612
42 44         1160.46156
42 47         1384.92963
43 57          2777.9639
43 52         2396.08861
43 48         2499.39541
43 32         2385.87446
43 42          2488.9884
44 22         2599.16766
44 32         2529.96787
44 41         2167.59491
44 42         1160.46156
44 47         942.306692
45 74         4929.59722
45 46         4125.51344
45 86         4825.06811
45 61         2417.57408
45 39         3382.70504
46 59         8526.78626
46 45         4125.51344
46 30         7210.75997
46 61         2243.08626
46 39         5935.97274
47 53         2095.54306
47 42         1384.92963
47 41         1858.03434
47 44         942.306692
47 56         1764.50507
48 43         2499.39541
48 35         1651.53187
48 65         2409.98202
48 52          1401.9487
48 49         1852.76391
49 35          2266.6138
49 58         1881.32259
49 50         2019.89959
49 48         1852.76391
49 65         2002.66991
50 37         2899.28016
50 36         1738.88774
50 49         2019.89959
50 58         1656.69693
50 54         1958.32422
51 55         2261.67489
51 67         1808.94951
51 64         2248.24888
51 62         1122.44422
51 53         1699.47384
52 43         2396.08861
52 68         1701.01222
52 65         2178.26482
52 48          1401.9487
52 73          2103.2635
53 56         1920.75145
53 41          1529.5444
53 51         1699.47384
53 55         1011.17196
53 62         1545.07441
54 59         2485.45845
54 38         2374.73609
54 58         2196.57379
54 66          1487.9756
54 50         1958.32422
55 51         2261.67489
55 56         1300.31764
55 67          1948.9504
55 53         1011.17196
55 62         1536.56447
56 53         1920.75145
56 47         1764.50507
56 72         1786.96577
56 57         1440.63837
56 55         1300.31764
57 47         2201.51227
57 42         2008.51612
57 72         2102.96692
57 56         1440.63837
57 60         1806.12562
58 65         2208.48585
58 69         1933.16442
58 54         2196.57379
58 50         1656.69693
58 49         1881.32259
59 81          3126.8364
59 66         2071.33604
59 39         2896.61755
59 74         1611.00381
59 54         2485.45845
60 72         2320.23516
60 57         1806.12562
60 80         2172.68035
60 68         1605.03413
60 70         1576.55947
61 101         7173.52839
61 45         2417.57408
61 86         7105.80628
61 46         2243.08626
61 39         5286.31857
62 64         2248.61662
62 51         1122.44422
62 53         1545.07441
62 67         820.272191
62 55         1536.56447
63 90         7700.57054
63 24          3904.2742
63 82         7664.81958
63 33         2747.15291
63 87         6948.87787
64 62         2248.61662
64 51         2248.24888
64 79          1967.3921
64 67         1987.19739
64 75         1706.23934
65 58         2208.48585
65 49         2002.66991
65 52         2178.26482
65 78         1497.01821
65 73         1974.72836
66 74         2513.94552
66 59         2071.33604
66 69         2487.09717
66 54          1487.9756
66 81         2193.70109
67 64         1987.19739
67 51         1808.94951
67 55          1948.9504
67 62         820.272191
67 76         1695.47185
68 88         2584.58598
68 60         1605.03413
68 73         1926.79873
68 80         1408.06428
68 52         1701.01222
69 66         2487.09717
69 78         2231.17472
69 94         2484.78764
69 58         1933.16442
69 85         2080.28964
70 93         2108.25557
70 71         1875.92431
70 60         1576.55947
70 72         1337.01354
70 92         1382.70123
71 76         2102.96981
71 95         1943.50217
71 70         1875.92431
71 72         1131.93341
71 77         983.025646
72 57         2102.96692
72 70         1337.01354
72 77          1862.9973
72 71         1131.93341
72 56         1786.96577
73 65         1974.72836
73 68         1926.79873
73 80          1732.1368
73 84         1468.68996
73 78         1596.45751
74 100         2816.67518
74 81         2176.89493
74 66         2513.94552
74 59         1611.00381
74 86          1731.2427
75 99         3199.60891
75 64         1706.23934
75 96         2987.75966
75 83         1411.58188
75 79         2082.55103
76 71         2102.96981
76 91         1501.23269
76 79         1947.73697
76 77         1151.95677
76 67         1695.47185
77 67         2076.16318
77 72          1862.9973
77 91         1901.02159
77 71         983.025646
77 76         1151.95677
78 89         1918.04472
78 65         1497.01821
78 84         1816.26043
78 85         1479.14482
78 73         1596.45751
79 75         2082.55103
79 76         1947.73697
79 64          1967.3921
79 96         1533.49575
79 83         1965.66195
80 60         2172.68035
80 68         1408.06428
80 84         2072.86649
80 88         1195.92144
80 73          1732.1368
81 114         2664.41457
81 100         2464.98696
81 66         2193.70109
81 74         2176.89493
81 98         1843.57874
82 143         5156.09887
82 111          4148.8061
82 31         4778.55241
82 105         2518.99889
82 90         3828.82011
83 112         2547.49091
83 99          2044.1334
83 96         2033.79032
83 75         1411.58188
83 79         1965.66195
84 97         2030.90872
84 107         1575.15529
84 78         1816.26043
84 89         1003.47952
84 73         1468.68996
85 84         2226.49873
85 89         1574.02745
85 69         2080.28964
85 78         1479.14482
85 94          1589.7933
86 121         2911.92003
86 101         1695.37328
86 81         2781.75696
86 100         1646.42275
86 74          1731.2427
87 105         6420.81306
87 90         2549.93056
87 172          6293.0882
87 132         962.237446
87 82         5983.45782
88 84         2104.98912
88 80         1195.92144
88 117         1853.33311
88 97         1106.50338
88 93         1504.23974
89 78         1918.04472
89 103          1739.9242
89 85         1574.02745
89 107         1215.50822
89 84         1003.47952
90 143         4800.91131
90 87         2549.93056
90 105         3873.36835
90 132           2248.801
90 82         3828.82011
91 109         2372.43215
91 77         1901.02159
91 95         1972.48879
91 76         1501.23269
91 108         1432.79762
92 102         1809.60372
92 106         1601.35228
92 95         1737.88569
92 70         1382.70123
92 93         1166.15583
93 120         1873.35247
93 102         1171.62036
93 117         1792.71133
93 92         1166.15583
93 88         1504.23974
94 122         2666.15353
94 113          1766.9052
94 69         2484.78764
94 85          1589.7933
94 98         2106.98306
95 119         1948.63754
95 71         1943.50217
95 92         1737.88569
95 109         757.420838
95 106         1303.78244
96 108         2493.38124
96 83         2033.79032
96 91         2429.56882
96 112         1334.37046
96 79         1533.49575
97 120         1954.34885
97 117         1164.99967
97 107         1653.10718
97 88         1106.50338
97 110         1369.53443
98 123         2161.06184
98 81         1843.57874
98 113         2116.51595
98 114         1245.20058
98 94         2106.98306
99 75         3199.60891
99 83          2044.1334
99 112         2812.57402
99 115         1867.89879
99 111         2580.64511
100 98         2408.89213
100 114         1838.45222
100 101         1929.23077
100 121         1303.56893
100 86         1646.42275
101 121         2601.16707
101 86         1695.37328
101 127         2545.27471
101 104         1529.75752
101 100         1929.23077
102 124         1480.25664
102 93         1171.62036
102 117         1350.54326
102 120         928.511439
102 106         1299.49479
103 134         2136.24487
103 133         2007.38901
103 110         1800.44396
103 107          1228.5268
103 89          1739.9242
104 86         3161.22935
104 101         1529.75752
104 100         2728.73804
104 127         1190.65076
104 121         2646.54865
105 90         3873.36835
105 82         2518.99889
105 140         3712.27068
105 111         2004.56921
105 143          2701.2431
106 92         1601.35228
106 119         1047.77408
106 95         1303.78244
106 109         866.220036
106 102         1299.49479
107 97         1653.10718
107 103          1228.5268
107 84         1575.15529
107 89         1215.50822
107 110         1176.70793
108 96         2493.38124
108 91         1432.79762
108 95         2414.83913
108 116         1304.66865
108 109         2356.64907
109 102         2165.05202
109 119         1208.11618
109 92         2025.36674
109 95         757.420838
109 106         866.220036
110 117          1611.8641
110 129         1519.43036
110 118         1566.20052
110 97         1369.53443
110 107         1176.70793
111 143         2605.42537
111 99         2580.64511
111 140         2502.92107
111 105         2004.56921
111 115         2340.69283
112 115         2641.99534
112 83         2547.49091
112 116         2199.12973
112 96         1334.37046
112 125         1634.37153
113 98         2116.51595
113 94          1766.9052
113 135         1962.45405
113 122          1015.0374
113 130         1723.18054
114 130         1964.60791
114 121         1210.25885
114 100         1838.45222
114 123          1026.6582
114 98         1245.20058
115 112         2641.99534
115 111         2340.69283
115 145          2486.6149
115 99         1867.89879
115 125         2445.55311
116 141         2466.77621
116 112         2199.12973
116 125         2145.96988
116 108         1304.66865
116 131         1507.55175
117 126         1584.32567
117 97         1164.99967
117 102         1350.54326
117 118         1084.69628
117 120         803.505051
118 110         1566.20052
118 117         1084.69628
118 129         1115.13857
118 126         1014.25852
118 120         1104.96702
119 102         1798.47147
119 109         1208.11618
119 124         1410.57755
119 106         1047.77408
119 128         1099.48452
120 124         1146.36039
120 102         928.511439
120 118         1104.96702
120 117         803.505051
120 126         980.533847
121 101         2601.16707
121 100         1303.56893
121 98         2348.23402
121 114         1210.25885
121 123         1293.42762
122 123         1808.72695
122 142         1656.61157
122 135         1737.66421
122 130         708.355977
122 113          1015.0374
123 142          1901.1525
123 121         1293.42762
123 122         1808.72695
123 114          1026.6582
123 130         1399.92242
124 119         1410.57755
124 136         1158.15664
124 128         1181.60886
124 120         1146.36039
124 126           784.5056
125 115         2445.55311
125 116         2145.96988
125 137         1907.70063
125 112         1634.37153
125 131         1617.68756
126 144         1438.95499
126 120         980.533847
126 118         1014.25852
126 136         838.614953
126 124           784.5056
127 86         4237.14368
127 101         2545.27471
127 100         3919.00905
127 104         1190.65076
127 121         3727.39071
128 144         2066.52495
128 136         1671.86859
128 126         1838.61807
128 119         1099.48452
128 124         1181.60886
129 147         1783.86987
129 118         1115.13857
129 110         1519.43036
129 139         964.802267
129 133         1172.43776
130 135         1892.41622
130 142         1030.23035
130 113         1723.18054
130 122         708.355977
130 123         1399.92242
131 150         1827.72871
131 116         1507.55175
131 157          1735.0242
131 149         1474.70605
131 125         1617.68756
132 82         5996.39036
132 90           2248.801
132 155         5951.73639
132 87         962.237446
132 172         5344.69855
133 152         1754.16894
133 147         1147.74151
133 129         1172.43776
133 134         967.547558
133 139         975.295739
134 151         1954.69298
134 147         1080.37519
134 139         1579.76389
134 133         967.547558
134 152         1114.88515
135 113         1962.45405
135 122         1737.66421
135 142         1947.30984
135 148         1408.22243
135 130         1892.41622
136 118         1619.68655
136 126         838.614953
136 124         1158.15664
136 144         641.471483
136 138         852.629566
137 159         2360.71523
137 157         2195.36435
137 163         2270.34071
137 145         1595.79646
137 125         1907.70063
138 129         1911.95211
138 136         852.629566
138 126         1542.60507
138 144         343.181065
138 153         1153.96175
139 134         1579.76389
139 151         1081.37671
139 133         975.295739
139 129         964.802267
139 147         879.148764
140 167         2186.75784
140 143         1751.30787
140 145         2073.16659
140 156         968.609272
140 159         2006.25316
141 157         2362.57735
141 146         1438.77041
141 131         1965.64666
141 150         849.558567
141 149          1576.3265
142 135         1947.30984
142 154         1753.80104
142 123          1901.1525
142 130         1030.23035
142 122         1656.61157
143 105          2701.2431
143 111         2605.42537
143 167         2478.54576
143 140         1751.30787
143 155         1857.20699
144 124         1784.92802
144 136         641.471483
144 126         1438.95499
144 138         343.181065
144 153         1416.22973
145 162         2290.55749
145 140         2073.16659
145 156         1105.20685
145 137         1595.79646
145 159         1056.84425
146 149         2733.74946
146 165         2358.22502
146 128         2465.76912
146 141         1438.77041
146 150         1900.41822
147 133         1147.74151
147 151         875.034434
147 134         1080.37519
147 152         870.353397
147 139         879.148764
148 147         2606.40713
148 161         1825.00472
148 134         1978.88228
148 135         1408.22243
148 152         1851.29356
149 141          1576.3265
149 150         834.900789
149 131         1474.70605
149 157         787.909482
149 164         1433.54617
150 146         1900.41822
150 141         849.558567
150 131         1827.72871
150 149         834.900789
150 157         1606.48122
151 153         1435.71804
151 139         1081.37671
151 152          1413.2599
151 160         957.146991
151 147         875.034434
152 139          1748.2989
152 134         1114.88515
152 160         1616.17237
152 147         870.353397
152 151          1413.2599
153 160         1799.41659
153 138         1153.96175
153 151         1435.71804
153 158         896.637293
153 144         1416.22973
154 135         2271.86503
154 171         1988.56735
154 161         1703.28271
154 142         1753.80104
154 166         1288.00151
155 140         2981.62619
155 175         1864.17387
155 167         1983.33497
155 143         1857.20699
155 172         1966.82581
156 167         2652.62809
156 145         1105.20685
156 162         2013.00455
156 140         968.609272
156 159         1243.28204
157 131          1735.0242
157 150         1606.48122
157 163         1594.61695
157 149         787.909482
157 164         1114.81635
158 174         1431.02427
158 173         1129.40073
158 160         1364.02271
158 153         896.637293
158 169         1336.14943
159 137         2360.71523
159 162         1255.91379
159 140         2006.25316
159 156         1243.28204
159 145         1056.84425
160 173         1395.65883
160 174          1014.2672
160 158         1364.02271
160 151         957.146991
160 170         1131.94664
161 152         3013.95075
161 148         1825.00472
161 135         2500.83822
161 166         1240.56626
161 154         1703.28271
162 140         2282.45128
162 167         1762.58696
162 156         2013.00455
162 159         1255.91379
162 180         1389.27468
163 149         2308.03694
163 168          1939.9955
163 137         2270.34071
163 164          1286.1745
163 157         1594.61695
164 141         2770.41029
164 149         1433.54617
164 150         1921.23162
164 163          1286.1745
164 157         1114.81635
165 178         3442.14678
165 146         2358.22502
165 176         2592.04113
165 181         1241.29983
165 169         2429.92409
166 148         2925.07045
166 154         1288.00151
166 182         2330.94186
166 161         1240.56626
166 171          1909.2889
167 140         2186.75784
167 175         1819.39115
167 155         1983.33497
167 162         1762.58696
167 180         1884.15756
168 180         3526.66364
168 164         2922.87806
168 162         3320.38013
168 163          1939.9955
168 159         3247.86045
169 174         1961.41858
169 158         1336.14943
169 173          1342.6755
169 176         741.398329
169 178         1255.56866
170 152         1869.91021
170 160         1131.94664
170 173         1734.91865
170 174         1110.37106
170 177         1336.56552
171 142         3132.79699
171 182         2551.85063
171 161         3098.26144
171 154         1988.56735
171 166          1909.2889
172 180         4782.19413
172 167         3440.36412
172 143         3757.29592
172 155         1966.82581
172 175         2054.48524
173 169          1342.6755
173 178         910.837405
173 158         1129.40073
173 174         624.624755
173 177         998.827955
174 178         1368.95155
174 160          1014.2672
174 170         1110.37106
174 177         759.035022
174 173         624.624755
175 162         3373.04623
175 155         1864.17387
175 180         2753.29301
175 167         1819.39115
175 172         2054.48524
176 177         2012.65073
176 178         855.362208
176 158         1914.87223
176 169         741.398329
176 173         1444.97268
177 160         1726.84029
177 178         1173.52241
177 170         1336.56552
177 174         759.035022
177 173         998.827955
178 174         1368.95155
178 173         910.837405
178 169         1255.56866
178 176         855.362208
178 177         1173.52241
179 162         4708.46394
179 167         4395.76591
179 175         3564.09626
179 180         3322.54956
179 184         1598.31973
180 179         3322.54956
180 159         2614.58175
180 175         2753.29301
180 167         1884.15756
180 162         1389.27468
181 173         3442.26724
181 176         2029.32929
181 178         2846.00047
181 165         1241.29983
181 169         2245.31938
182 183         3676.37522
182 171         2551.85063
182 154         3485.05778
182 166         2330.94186
182 161         3245.67941
183 173         3474.87954
183 170         2872.04874
183 178         3282.76663
183 177         2482.08148
183 174         3155.78494
184 167           5728.733
184 162         5661.86333
184 175         5123.28488
184 179         1598.31973
184 180         4305.82674
